{"frame_idx": 0, "timestamp_ms": 1774490827949, "input_mode": "controller", "tele_data": {"head_pose": [[0.9512272459487946, -0.05846927721279012, 0.30289950407417854, -0.08864293432405182], [0.0545496303938116, 0.9982818960945066, 0.02139233050730323, -0.08324804774628547], [-0.30362988077727726, -0.003825911573578956, 0.9527823942808133, 1.5813437690290646], [0.0, 0.0, 0.0, 1.0]], "left_wrist_pose": [[0.3599710762500763, 0.4111919403076172, 0.8374908566474915, 0.029984447719361262], [0.3219737708568573, 0.7877472043037415, -0.5251648426055908, 0.26587930194245246], [-0.87567138671875, 0.4586915671825409, 0.1511782705783844, -0.38475047250120203], [0.0, 0.0, 0.0, 1.0]], "right_wrist_pose": [[0.26842066645622253, -0.3597638010978699, 0.8936275839805603, 0.12524105197360702], [-0.20729279518127441, 0.8843480944633484, 0.4182926416397095, -0.24738386400832268], [-0.9407585263252258, -0.29752469062805176, 0.1628030687570572, -0.3676500787290768], [0.0, 0.0, 0.0, 1.0]], "head_pose_valid": true, "left_arm_pose_valid": true, "right_arm_pose_valid": true, "left_robot_world_pose": [[0.3599710762500763, 0.4111919403076172, 0.8374908566474915, -0.20865848660469055], [0.3219737708568573, 0.7877472043037415, -0.5251648426055908, 0.182631254196167], [-0.87567138671875, 0.4586915671825409, 0.1511782705783844, 0.7465932965278625], [0.0, 0.0, 0.0, 1.0]], "right_robot_world_pose": [[0.26842066645622253, -0.3597638010978699, 0.8936275839805603, -0.1134018823504448], [-0.20729279518127441, 0.8843480944633484, 0.4182926416397095, -0.33063191175460815], [-0.9407585263252258, -0.29752469062805176, 0.1628030687570572, 0.7636936902999878], [0.0, 0.0, 0.0, 1.0]], "left_hand_pos": null, "right_hand_pos": null, "left_hand_rot": null, "right_hand_rot": null, "left_hand_pinch": false, "left_hand_pinchValue": 10.0, "left_hand_squeeze": false, "left_hand_squeezeValue": 0.0, "right_hand_pinch": false, "right_hand_pinchValue": 10.0, "right_hand_squeeze": false, "right_hand_squeezeValue": 0.0, "left_ctrl_trigger": 0, "left_ctrl_triggerValue": 10.0, "left_ctrl_squeeze": 0, "left_ctrl_squeezeValue": 0.0, "left_ctrl_aButton": 0, "left_ctrl_bButton": 0, "left_ctrl_thumbstick": 0, "left_ctrl_thumbstickValue": [0.0, 0.0], "right_ctrl_trigger": 0, "right_ctrl_triggerValue": 10.0, "right_ctrl_squeeze": 0, "right_ctrl_squeezeValue": 0.0, "right_ctrl_aButton": 0, "right_ctrl_bButton": 0, "right_ctrl_thumbstick": 0, "right_ctrl_thumbstickValue": [0.0, 0.0], "left_robot_relative_pose": [[1.0, 0.0, 0.0, 0.0], [0.0, 1.0, 0.0, 0.0], [0.0, 0.0, 1.0, 0.0], [0.0, 0.0, 0.0, 1.0]], "left_robot_relative_xyz": [0.0, 0.0, 0.0], "left_robot_relative_rpy_deg": [0.0, 0.0, 0.0], "left_robot_relative_locked": false, "left_robot_relative_calibrating": true, "left_robot_relative_source": "left_robot_world_pose", "right_robot_relative_pose": [[1.0, 0.0, 0.0, 0.0], [0.0, 1.0, 0.0, 0.0], [0.0, 0.0, 1.0, 0.0], [0.0, 0.0, 0.0, 1.0]], "right_robot_relative_xyz": [0.0, 0.0, 0.0], "right_robot_relative_rpy_deg": [0.0, 0.0, 0.0], "right_robot_relative_locked": false, "right_robot_relative_calibrating": true, "right_robot_relative_source": "right_robot_world_pose"}}
{"frame_idx": 1, "timestamp_ms": 1774490827994, "input_mode": "controller", "tele_data": {"head_pose": [[0.9513544441313748, -0.05795165982861628, 0.30259937065288495, -0.08850433456721297], [0.054241980492876866, 0.9983141421753542, 0.02065640451306969, -0.08331197352763549], [-0.3032863138373189, -0.003237973005375571, 0.952893972352633, 1.5811807018355302], [0.0, 0.0, 0.0, 1.0]], "left_wrist_pose": [[0.359346866607666, 0.41365155577659607, 0.8365471959114075, 0.029930993197584063], [0.321508526802063, 0.7866501212120056, -0.5270909070968628, 0.26593290121909513], [-0.8760986328125, 0.45836278796195984, 0.1496928334236145, -0.3845796567038468], [0.0, 0.0, 0.0, 1.0]], "right_wrist_pose": [[0.26768478751182556, -0.36076027154922485, 0.893446683883667, 0.12476647573533049], [-0.20624852180480957, 0.8843196034431458, 0.41886863112449646, -0.24726551918629275], [-0.9411976933479309, -0.2964005768299103, 0.16231481730937958, -0.3674605470732621], [0.0, 0.0, 0.0, 1.0]], "head_pose_valid": true, "left_arm_pose_valid": true, "right_arm_pose_valid": true, "left_robot_world_pose": [[0.359346866607666, 0.41365155577659607, 0.8365471959114075, -0.2085733413696289], [0.321508526802063, 0.7866501212120056, -0.5270909070968628, 0.18262092769145966], [-0.8760986328125, 0.45836278796195984, 0.1496928334236145, 0.7466010451316833], [0.0, 0.0, 0.0, 1.0]], "right_robot_world_pose": [[0.26768478751182556, -0.36076027154922485, 0.893446683883667, -0.11373785883188248], [-0.20624852180480957, 0.8843196034431458, 0.41886863112449646, -0.3305774927139282], [-0.9411976933479309, -0.2964005768299103, 0.16231481730937958, 0.7637201547622681], [0.0, 0.0, 0.0, 1.0]], "left_hand_pos": null, "right_hand_pos": null, "left_hand_rot": null, "right_hand_rot": null, "left_hand_pinch": false, "left_hand_pinchValue": 10.0, "left_hand_squeeze": false, "left_hand_squeezeValue": 0.0, "right_hand_pinch": false, "right_hand_pinchValue": 10.0, "right_hand_squeeze": false, "right_hand_squeezeValue": 0.0, "left_ctrl_trigger": 0, "left_ctrl_triggerValue": 10.0, "left_ctrl_squeeze": 0, "left_ctrl_squeezeValue": 0.0, "left_ctrl_aButton": 0, "left_ctrl_bButton": 0, "left_ctrl_thumbstick": 0, "left_ctrl_thumbstickValue": [0.0, 0.0], "right_ctrl_trigger": 0, "right_ctrl_triggerValue": 10.0, "right_ctrl_squeeze": 0, "right_ctrl_squeezeValue": 0.0, "right_ctrl_aButton": 0, "right_ctrl_bButton": 0, "right_ctrl_thumbstick": 0, "right_ctrl_thumbstickValue": [0.0, 0.0], "left_robot_relative_pose": [[1.0, 0.0, 0.0, 0.0], [0.0, 1.0, 0.0, 0.0], [0.0, 0.0, 1.0, 0.0], [0.0, 0.0, 0.0, 1.0]], "left_robot_relative_xyz": [0.0, 0.0, 0.0], "left_robot_relative_rpy_deg": [0.0, 0.0, 0.0], "left_robot_relative_locked": false, "left_robot_relative_calibrating": true, "left_robot_relative_source": "left_robot_world_pose", "right_robot_relative_pose": [[1.0, 0.0, 0.0, 0.0], [0.0, 1.0, 0.0, 0.0], [0.0, 0.0, 1.0, 0.0], [0.0, 0.0, 0.0, 1.0]], "right_robot_relative_xyz": [0.0, 0.0, 0.0], "right_robot_relative_rpy_deg": [0.0, 0.0, 0.0], "right_robot_relative_locked": false, "right_robot_relative_calibrating": true, "right_robot_relative_source": "right_robot_world_pose"}}
{"frame_idx": 2, "timestamp_ms": 1774490828031, "input_mode": "controller", "tele_data": {"head_pose": [[0.9513544441313748, -0.05795165982861628, 0.30259937065288495, -0.08850433456721297], [0.054241980492876866, 0.9983141421753542, 0.02065640451306969, -0.08331197352763549], [-0.3032863138373189, -0.003237973005375571, 0.952893972352633, 1.5811807018355302], [0.0, 0.0, 0.0, 1.0]], "left_wrist_pose": [[0.359346866607666, 0.41365155577659607, 0.8365471959114075, 0.029930993197584063], [0.321508526802063, 0.7866501212120056, -0.5270909070968628, 0.26593290121909513], [-0.8760986328125, 0.45836278796195984, 0.1496928334236145, -0.3845796567038468], [0.0, 0.0, 0.0, 1.0]], "right_wrist_pose": [[0.26768478751182556, -0.36076027154922485, 0.893446683883667, 0.12476647573533049], [-0.20624852180480957, 0.8843196034431458, 0.41886863112449646, -0.24726551918629275], [-0.9411976933479309, -0.2964005768299103, 0.16231481730937958, -0.3674605470732621], [0.0, 0.0, 0.0, 1.0]], "head_pose_valid": true, "left_arm_pose_valid": true, "right_arm_pose_valid": true, "left_robot_world_pose": [[0.359346866607666, 0.41365155577659607, 0.8365471959114075, -0.2085733413696289], [0.321508526802063, 0.7866501212120056, -0.5270909070968628, 0.18262092769145966], [-0.8760986328125, 0.45836278796195984, 0.1496928334236145, 0.7466010451316833], [0.0, 0.0, 0.0, 1.0]], "right_robot_world_pose": [[0.26768478751182556, -0.36076027154922485, 0.893446683883667, -0.11373785883188248], [-0.20624852180480957, 0.8843196034431458, 0.41886863112449646, -0.3305774927139282], [-0.9411976933479309, -0.2964005768299103, 0.16231481730937958, 0.7637201547622681], [0.0, 0.0, 0.0, 1.0]], "left_hand_pos": null, "right_hand_pos": null, "left_hand_rot": null, "right_hand_rot": null, "left_hand_pinch": false, "left_hand_pinchValue": 10.0, "left_hand_squeeze": false, "left_hand_squeezeValue": 0.0, "right_hand_pinch": false, "right_hand_pinchValue": 10.0, "right_hand_squeeze": false, "right_hand_squeezeValue": 0.0, "left_ctrl_trigger": 0, "left_ctrl_triggerValue": 10.0, "left_ctrl_squeeze": 0, "left_ctrl_squeezeValue": 0.0, "left_ctrl_aButton": 0, "left_ctrl_bButton": 0, "left_ctrl_thumbstick": 0, "left_ctrl_thumbstickValue": [0.0, 0.0], "right_ctrl_trigger": 0, "right_ctrl_triggerValue": 10.0, "right_ctrl_squeeze": 0, "right_ctrl_squeezeValue": 0.0, "right_ctrl_aButton": 0, "right_ctrl_bButton": 0, "right_ctrl_thumbstick": 0, "right_ctrl_thumbstickValue": [0.0, 0.0], "left_robot_relative_pose": [[1.0, 0.0, 0.0, 0.0], [0.0, 1.0, 0.0, 0.0], [0.0, 0.0, 1.0, 0.0], [0.0, 0.0, 0.0, 1.0]], "left_robot_relative_xyz": [0.0, 0.0, 0.0], "left_robot_relative_rpy_deg": [0.0, 0.0, 0.0], "left_robot_relative_locked": false, "left_robot_relative_calibrating": true, "left_robot_relative_source": "left_robot_world_pose", "right_robot_relative_pose": [[1.0, 0.0, 0.0, 0.0], [0.0, 1.0, 0.0, 0.0], [0.0, 0.0, 1.0, 0.0], [0.0, 0.0, 0.0, 1.0]], "right_robot_relative_xyz": [0.0, 0.0, 0.0], "right_robot_relative_rpy_deg": [0.0, 0.0, 0.0], "right_robot_relative_locked": false, "right_robot_relative_calibrating": true, "right_robot_relative_source": "right_robot_world_pose"}}
{"frame_idx": 3, "timestamp_ms": 1774490828064, "input_mode": "controller", "tele_data": {"head_pose": [[0.9513544441313748, -0.05795165982861628, 0.30259937065288495, -0.08850433456721297], [0.054241980492876866, 0.9983141421753542, 0.02065640451306969, -0.08331197352763549], [-0.3032863138373189, -0.003237973005375571, 0.952893972352633, 1.5811807018355302], [0.0, 0.0, 0.0, 1.0]], "left_wrist_pose": [[0.359346866607666, 0.41365155577659607, 0.8365471959114075, 0.029930993197584063], [0.321508526802063, 0.7866501212120056, -0.5270909070968628, 0.26593290121909513], [-0.8760986328125, 0.45836278796195984, 0.1496928334236145, -0.3845796567038468], [0.0, 0.0, 0.0, 1.0]], "right_wrist_pose": [[0.26768478751182556, -0.36076027154922485, 0.893446683883667, 0.12476647573533049], [-0.20624852180480957, 0.8843196034431458, 0.41886863112449646, -0.24726551918629275], [-0.9411976933479309, -0.2964005768299103, 0.16231481730937958, -0.3674605470732621], [0.0, 0.0, 0.0, 1.0]], "head_pose_valid": true, "left_arm_pose_valid": true, "right_arm_pose_valid": true, "left_robot_world_pose": [[0.359346866607666, 0.41365155577659607, 0.8365471959114075, -0.2085733413696289], [0.321508526802063, 0.7866501212120056, -0.5270909070968628, 0.18262092769145966], [-0.8760986328125, 0.45836278796195984, 0.1496928334236145, 0.7466010451316833], [0.0, 0.0, 0.0, 1.0]], "right_robot_world_pose": [[0.26768478751182556, -0.36076027154922485, 0.893446683883667, -0.11373785883188248], [-0.20624852180480957, 0.8843196034431458, 0.41886863112449646, -0.3305774927139282], [-0.9411976933479309, -0.2964005768299103, 0.16231481730937958, 0.7637201547622681], [0.0, 0.0, 0.0, 1.0]], "left_hand_pos": null, "right_hand_pos": null, "left_hand_rot": null, "right_hand_rot": null, "left_hand_pinch": false, "left_hand_pinchValue": 10.0, "left_hand_squeeze": false, "left_hand_squeezeValue": 0.0, "right_hand_pinch": false, "right_hand_pinchValue": 10.0, "right_hand_squeeze": false, "right_hand_squeezeValue": 0.0, "left_ctrl_trigger": 0, "left_ctrl_triggerValue": 10.0, "left_ctrl_squeeze": 0, "left_ctrl_squeezeValue": 0.0, "left_ctrl_aButton": 0, "left_ctrl_bButton": 0, "left_ctrl_thumbstick": 0, "left_ctrl_thumbstickValue": [0.0, 0.0], "right_ctrl_trigger": 0, "right_ctrl_triggerValue": 10.0, "right_ctrl_squeeze": 0, "right_ctrl_squeezeValue": 0.0, "right_ctrl_aButton": 0, "right_ctrl_bButton": 0, "right_ctrl_thumbstick": 0, "right_ctrl_thumbstickValue": [0.0, 0.0], "left_robot_relative_pose": [[1.0, 0.0, 0.0, 0.0], [0.0, 1.0, 0.0, 0.0], [0.0, 0.0, 1.0, 0.0], [0.0, 0.0, 0.0, 1.0]], "left_robot_relative_xyz": [0.0, 0.0, 0.0], "left_robot_relative_rpy_deg": [0.0, 0.0, 0.0], "left_robot_relative_locked": false, "left_robot_relative_calibrating": true, "left_robot_relative_source": "left_robot_world_pose", "right_robot_relative_pose": [[1.0, 0.0, 0.0, 0.0], [0.0, 1.0, 0.0, 0.0], [0.0, 0.0, 1.0, 0.0], [0.0, 0.0, 0.0, 1.0]], "right_robot_relative_xyz": [0.0, 0.0, 0.0], "right_robot_relative_rpy_deg": [0.0, 0.0, 0.0], "right_robot_relative_locked": false, "right_robot_relative_calibrating": true, "right_robot_relative_source": "right_robot_world_pose"}}
{"frame_idx": 4, "timestamp_ms": 1774490828098, "input_mode": "controller", "tele_data": {"head_pose": [[0.9513848995443223, -0.05722601397318288, 0.3026416521672623, -0.08820750707989822], [0.05372469814138966, 0.998357713188454, 0.019888752790072965, -0.08347005527222603], [-0.3032827753420453, -0.0026625276562776048, 0.9528968955101393, 1.5812868886536033], [0.0, 0.0, 0.0, 1.0]], "left_wrist_pose": [[0.35928618907928467, 0.411825954914093, 0.837473452091217, 0.02955130035287032], [0.32177087664604187, 0.7876806855201721, -0.5253891348838806, 0.2660978225966737], [-0.8760272264480591, 0.4582369327545166, 0.1504942774772644, -0.38470485740360333], [0.0, 0.0, 0.0, 1.0]], "right_wrist_pose": [[0.2690680921077728, -0.35991358757019043, 0.8933725953102112, 0.12443738723403105], [-0.20683766901493073, 0.8843259215354919, 0.4185646176338196, -0.24743308741843253], [-0.9406738877296448, -0.29740920662879944, 0.16350243985652924, -0.3674435906952293], [0.0, 0.0, 0.0, 1.0]], "head_pose_valid": true, "left_arm_pose_valid": true, "right_arm_pose_valid": true, "left_robot_world_pose": [[0.35928618907928467, 0.411825954914093, 0.837473452091217, -0.2086562067270279], [0.32177087664604187, 0.7876806855201721, -0.5253891348838806, 0.18262776732444763], [-0.8760272264480591, 0.4582369327545166, 0.1504942774772644, 0.74658203125], [0.0, 0.0, 0.0, 1.0]], "right_robot_world_pose": [[0.2690680921077728, -0.35991358757019043, 0.8933725953102112, -0.11377011984586716], [-0.20683766901493073, 0.8843259215354919, 0.4185646176338196, -0.33090314269065857], [-0.9406738877296448, -0.29740920662879944, 0.16350243985652924, 0.763843297958374], [0.0, 0.0, 0.0, 1.0]], "left_hand_pos": null, "right_hand_pos": null, "left_hand_rot": null, "right_hand_rot": null, "left_hand_pinch": false, "left_hand_pinchValue": 10.0, "left_hand_squeeze": false, "left_hand_squeezeValue": 0.0, "right_hand_pinch": false, "right_hand_pinchValue": 10.0, "right_hand_squeeze": false, "right_hand_squeezeValue": 0.0, "left_ctrl_trigger": 0, "left_ctrl_triggerValue": 10.0, "left_ctrl_squeeze": 0, "left_ctrl_squeezeValue": 0.0, "left_ctrl_aButton": 0, "left_ctrl_bButton": 0, "left_ctrl_thumbstick": 0, "left_ctrl_thumbstickValue": [0.0, 0.0], "right_ctrl_trigger": 0, "right_ctrl_triggerValue": 10.0, "right_ctrl_squeeze": 0, "right_ctrl_squeezeValue": 0.0, "right_ctrl_aButton": 0, "right_ctrl_bButton": 0, "right_ctrl_thumbstick": 0, "right_ctrl_thumbstickValue": [0.0, 0.0], "left_robot_relative_pose": [[1.0, 0.0, 0.0, 0.0], [0.0, 1.0, 0.0, 0.0], [0.0, 0.0, 1.0, 0.0], [0.0, 0.0, 0.0, 1.0]], "left_robot_relative_xyz": [0.0, 0.0, 0.0], "left_robot_relative_rpy_deg": [0.0, 0.0, 0.0], "left_robot_relative_locked": false, "left_robot_relative_calibrating": true, "left_robot_relative_source": "left_robot_world_pose", "right_robot_relative_pose": [[1.0, 0.0, 0.0, 0.0], [0.0, 1.0, 0.0, 0.0], [0.0, 0.0, 1.0, 0.0], [0.0, 0.0, 0.0, 1.0]], "right_robot_relative_xyz": [0.0, 0.0, 0.0], "right_robot_relative_rpy_deg": [0.0, 0.0, 0.0], "right_robot_relative_locked": false, "right_robot_relative_calibrating": true, "right_robot_relative_source": "right_robot_world_pose"}}
{"frame_idx": 5, "timestamp_ms": 1774490828131, "input_mode": "controller", "tele_data": {"head_pose": [[0.9513848995443223, -0.05722601397318288, 0.3026416521672623, -0.08820750707989822], [0.05372469814138966, 0.998357713188454, 0.019888752790072965, -0.08347005527222603], [-0.3032827753420453, -0.0026625276562776048, 0.9528968955101393, 1.5812868886536033], [0.0, 0.0, 0.0, 1.0]], "left_wrist_pose": [[0.35928618907928467, 0.411825954914093, 0.837473452091217, 0.02955130035287032], [0.32177087664604187, 0.7876806855201721, -0.5253891348838806, 0.2660978225966737], [-0.8760272264480591, 0.4582369327545166, 0.1504942774772644, -0.38470485740360333], [0.0, 0.0, 0.0, 1.0]], "right_wrist_pose": [[0.2690680921077728, -0.35991358757019043, 0.8933725953102112, 0.12443738723403105], [-0.20683766901493073, 0.8843259215354919, 0.4185646176338196, -0.24743308741843253], [-0.9406738877296448, -0.29740920662879944, 0.16350243985652924, -0.3674435906952293], [0.0, 0.0, 0.0, 1.0]], "head_pose_valid": true, "left_arm_pose_valid": true, "right_arm_pose_valid": true, "left_robot_world_pose": [[0.35928618907928467, 0.411825954914093, 0.837473452091217, -0.2086562067270279], [0.32177087664604187, 0.7876806855201721, -0.5253891348838806, 0.18262776732444763], [-0.8760272264480591, 0.4582369327545166, 0.1504942774772644, 0.74658203125], [0.0, 0.0, 0.0, 1.0]], "right_robot_world_pose": [[0.2690680921077728, -0.35991358757019043, 0.8933725953102112, -0.11377011984586716], [-0.20683766901493073, 0.8843259215354919, 0.4185646176338196, -0.33090314269065857], [-0.9406738877296448, -0.29740920662879944, 0.16350243985652924, 0.763843297958374], [0.0, 0.0, 0.0, 1.0]], "left_hand_pos": null, "right_hand_pos": null, "left_hand_rot": null, "right_hand_rot": null, "left_hand_pinch": false, "left_hand_pinchValue": 10.0, "left_hand_squeeze": false, "left_hand_squeezeValue": 0.0, "right_hand_pinch": false, "right_hand_pinchValue": 10.0, "right_hand_squeeze": false, "right_hand_squeezeValue": 0.0, "left_ctrl_trigger": 0, "left_ctrl_triggerValue": 10.0, "left_ctrl_squeeze": 0, "left_ctrl_squeezeValue": 0.0, "left_ctrl_aButton": 0, "left_ctrl_bButton": 0, "left_ctrl_thumbstick": 0, "left_ctrl_thumbstickValue": [0.0, 0.0], "right_ctrl_trigger": 0, "right_ctrl_triggerValue": 10.0, "right_ctrl_squeeze": 0, "right_ctrl_squeezeValue": 0.0, "right_ctrl_aButton": 0, "right_ctrl_bButton": 0, "right_ctrl_thumbstick": 0, "right_ctrl_thumbstickValue": [0.0, 0.0], "left_robot_relative_pose": [[1.0, 0.0, 0.0, 0.0], [0.0, 1.0, 0.0, 0.0], [0.0, 0.0, 1.0, 0.0], [0.0, 0.0, 0.0, 1.0]], "left_robot_relative_xyz": [0.0, 0.0, 0.0], "left_robot_relative_rpy_deg": [0.0, 0.0, 0.0], "left_robot_relative_locked": false, "left_robot_relative_calibrating": true, "left_robot_relative_source": "left_robot_world_pose", "right_robot_relative_pose": [[1.0, 0.0, 0.0, 0.0], [0.0, 1.0, 0.0, 0.0], [0.0, 0.0, 1.0, 0.0], [0.0, 0.0, 0.0, 1.0]], "right_robot_relative_xyz": [0.0, 0.0, 0.0], "right_robot_relative_rpy_deg": [0.0, 0.0, 0.0], "right_robot_relative_locked": false, "right_robot_relative_calibrating": true, "right_robot_relative_source": "right_robot_world_pose"}}
{"frame_idx": 6, "timestamp_ms": 1774490828165, "input_mode": "controller", "tele_data": {"head_pose": [[0.9513848995443223, -0.05722601397318288, 0.3026416521672623, -0.08820750707989822], [0.05372469814138966, 0.998357713188454, 0.019888752790072965, -0.08347005527222603], [-0.3032827753420453, -0.0026625276562776048, 0.9528968955101393, 1.5812868886536033], [0.0, 0.0, 0.0, 1.0]], "left_wrist_pose": [[0.35928618907928467, 0.411825954914093, 0.837473452091217, 0.02955130035287032], [0.32177087664604187, 0.7876806855201721, -0.5253891348838806, 0.2660978225966737], [-0.8760272264480591, 0.4582369327545166, 0.1504942774772644, -0.38470485740360333], [0.0, 0.0, 0.0, 1.0]], "right_wrist_pose": [[0.2690680921077728, -0.35991358757019043, 0.8933725953102112, 0.12443738723403105], [-0.20683766901493073, 0.8843259215354919, 0.4185646176338196, -0.24743308741843253], [-0.9406738877296448, -0.29740920662879944, 0.16350243985652924, -0.3674435906952293], [0.0, 0.0, 0.0, 1.0]], "head_pose_valid": true, "left_arm_pose_valid": true, "right_arm_pose_valid": true, "left_robot_world_pose": [[0.35928618907928467, 0.411825954914093, 0.837473452091217, -0.2086562067270279], [0.32177087664604187, 0.7876806855201721, -0.5253891348838806, 0.18262776732444763], [-0.8760272264480591, 0.4582369327545166, 0.1504942774772644, 0.74658203125], [0.0, 0.0, 0.0, 1.0]], "right_robot_world_pose": [[0.2690680921077728, -0.35991358757019043, 0.8933725953102112, -0.11377011984586716], [-0.20683766901493073, 0.8843259215354919, 0.4185646176338196, -0.33090314269065857], [-0.9406738877296448, -0.29740920662879944, 0.16350243985652924, 0.763843297958374], [0.0, 0.0, 0.0, 1.0]], "left_hand_pos": null, "right_hand_pos": null, "left_hand_rot": null, "right_hand_rot": null, "left_hand_pinch": false, "left_hand_pinchValue": 10.0, "left_hand_squeeze": false, "left_hand_squeezeValue": 0.0, "right_hand_pinch": false, "right_hand_pinchValue": 10.0, "right_hand_squeeze": false, "right_hand_squeezeValue": 0.0, "left_ctrl_trigger": 0, "left_ctrl_triggerValue": 10.0, "left_ctrl_squeeze": 0, "left_ctrl_squeezeValue": 0.0, "left_ctrl_aButton": 0, "left_ctrl_bButton": 0, "left_ctrl_thumbstick": 0, "left_ctrl_thumbstickValue": [0.0, 0.0], "right_ctrl_trigger": 0, "right_ctrl_triggerValue": 10.0, "right_ctrl_squeeze": 0, "right_ctrl_squeezeValue": 0.0, "right_ctrl_aButton": 0, "right_ctrl_bButton": 0, "right_ctrl_thumbstick": 0, "right_ctrl_thumbstickValue": [0.0, 0.0], "left_robot_relative_pose": [[1.0, 0.0, 0.0, 0.0], [0.0, 1.0, 0.0, 0.0], [0.0, 0.0, 1.0, 0.0], [0.0, 0.0, 0.0, 1.0]], "left_robot_relative_xyz": [0.0, 0.0, 0.0], "left_robot_relative_rpy_deg": [0.0, 0.0, 0.0], "left_robot_relative_locked": false, "left_robot_relative_calibrating": true, "left_robot_relative_source": "left_robot_world_pose", "right_robot_relative_pose": [[1.0, 0.0, 0.0, 0.0], [0.0, 1.0, 0.0, 0.0], [0.0, 0.0, 1.0, 0.0], [0.0, 0.0, 0.0, 1.0]], "right_robot_relative_xyz": [0.0, 0.0, 0.0], "right_robot_relative_rpy_deg": [0.0, 0.0, 0.0], "right_robot_relative_locked": false, "right_robot_relative_calibrating": true, "right_robot_relative_source": "right_robot_world_pose"}}
{"frame_idx": 7, "timestamp_ms": 1774490828199, "input_mode": "controller", "tele_data": {"head_pose": [[0.9513848995443223, -0.05722601397318288, 0.3026416521672623, -0.08820750707989822], [0.05372469814138966, 0.998357713188454, 0.019888752790072965, -0.08347005527222603], [-0.3032827753420453, -0.0026625276562776048, 0.9528968955101393, 1.5812868886536033], [0.0, 0.0, 0.0, 1.0]], "left_wrist_pose": [[0.35928618907928467, 0.411825954914093, 0.837473452091217, 0.02955130035287032], [0.32177087664604187, 0.7876806855201721, -0.5253891348838806, 0.2660978225966737], [-0.8760272264480591, 0.4582369327545166, 0.1504942774772644, -0.38470485740360333], [0.0, 0.0, 0.0, 1.0]], "right_wrist_pose": [[0.2690680921077728, -0.35991358757019043, 0.8933725953102112, 0.12443738723403105], [-0.20683766901493073, 0.8843259215354919, 0.4185646176338196, -0.24743308741843253], [-0.9406738877296448, -0.29740920662879944, 0.16350243985652924, -0.3674435906952293], [0.0, 0.0, 0.0, 1.0]], "head_pose_valid": true, "left_arm_pose_valid": true, "right_arm_pose_valid": true, "left_robot_world_pose": [[0.35928618907928467, 0.411825954914093, 0.837473452091217, -0.2086562067270279], [0.32177087664604187, 0.7876806855201721, -0.5253891348838806, 0.18262776732444763], [-0.8760272264480591, 0.4582369327545166, 0.1504942774772644, 0.74658203125], [0.0, 0.0, 0.0, 1.0]], "right_robot_world_pose": [[0.2690680921077728, -0.35991358757019043, 0.8933725953102112, -0.11377011984586716], [-0.20683766901493073, 0.8843259215354919, 0.4185646176338196, -0.33090314269065857], [-0.9406738877296448, -0.29740920662879944, 0.16350243985652924, 0.763843297958374], [0.0, 0.0, 0.0, 1.0]], "left_hand_pos": null, "right_hand_pos": null, "left_hand_rot": null, "right_hand_rot": null, "left_hand_pinch": false, "left_hand_pinchValue": 10.0, "left_hand_squeeze": false, "left_hand_squeezeValue": 0.0, "right_hand_pinch": false, "right_hand_pinchValue": 10.0, "right_hand_squeeze": false, "right_hand_squeezeValue": 0.0, "left_ctrl_trigger": 0, "left_ctrl_triggerValue": 10.0, "left_ctrl_squeeze": 0, "left_ctrl_squeezeValue": 0.0, "left_ctrl_aButton": 0, "left_ctrl_bButton": 0, "left_ctrl_thumbstick": 0, "left_ctrl_thumbstickValue": [0.0, 0.0], "right_ctrl_trigger": 0, "right_ctrl_triggerValue": 10.0, "right_ctrl_squeeze": 0, "right_ctrl_squeezeValue": 0.0, "right_ctrl_aButton": 0, "right_ctrl_bButton": 0, "right_ctrl_thumbstick": 0, "right_ctrl_thumbstickValue": [0.0, 0.0], "left_robot_relative_pose": [[1.0, 0.0, 0.0, 0.0], [0.0, 1.0, 0.0, 0.0], [0.0, 0.0, 1.0, 0.0], [0.0, 0.0, 0.0, 1.0]], "left_robot_relative_xyz": [0.0, 0.0, 0.0], "left_robot_relative_rpy_deg": [0.0, 0.0, 0.0], "left_robot_relative_locked": false, "left_robot_relative_calibrating": true, "left_robot_relative_source": "left_robot_world_pose", "right_robot_relative_pose": [[1.0, 0.0, 0.0, 0.0], [0.0, 1.0, 0.0, 0.0], [0.0, 0.0, 1.0, 0.0], [0.0, 0.0, 0.0, 1.0]], "right_robot_relative_xyz": [0.0, 0.0, 0.0], "right_robot_relative_rpy_deg": [0.0, 0.0, 0.0], "right_robot_relative_locked": false, "right_robot_relative_calibrating": true, "right_robot_relative_source": "right_robot_world_pose"}}
{"frame_idx": 8, "timestamp_ms": 1774490828232, "input_mode": "controller", "tele_data": {"head_pose": [[0.951317725143836, -0.05787156210626474, 0.3027299863548489, -0.08776849065477173], [0.05430750860487109, 0.9983202218661098, 0.020185159684462047, -0.08352512384288904], [-0.3033896165637759, -0.002761988968285204, 0.9528625631932406, 1.581248591859801], [0.0, 0.0, 0.0, 1.0]], "left_wrist_pose": [[0.3599334955215454, 0.41151848435401917, 0.837346613407135, 0.029123042566125787], [0.32095253467559814, 0.7880890965461731, -0.5252771377563477, 0.2661411043488323], [-0.8760616779327393, 0.4578106701374054, 0.1515868604183197, -0.3847046479778124], [0.0, 0.0, 0.0, 1.0]], "right_wrist_pose": [[0.2678814232349396, -0.36011090874671936, 0.8936496376991272, 0.12422032360488693], [-0.20756523311138153, 0.8841792345046997, 0.4185144305229187, -0.24810459946758154], [-0.9408522248268127, -0.29760655760765076, 0.16211096942424774, -0.3674218043880297], [0.0, 0.0, 0.0, 1.0]], "head_pose_valid": true, "left_arm_pose_valid": true, "right_arm_pose_valid": true, "left_robot_world_pose": [[0.3599334955215454, 0.41151848435401917, 0.837346613407135, -0.20864544808864594], [0.32095253467559814, 0.7880890965461731, -0.5252771377563477, 0.1826159805059433], [-0.8760616779327393, 0.4578106701374054, 0.1515868604183197, 0.7465439438819885], [0.0, 0.0, 0.0, 1.0]], "right_robot_world_pose": [[0.2678814232349396, -0.36011090874671936, 0.8936496376991272, -0.1135481670498848], [-0.20756523311138153, 0.8841792345046997, 0.4185144305229187, -0.3316297233104706], [-0.9408522248268127, -0.29760655760765076, 0.16211096942424774, 0.7638267874717712], [0.0, 0.0, 0.0, 1.0]], "left_hand_pos": null, "right_hand_pos": null, "left_hand_rot": null, "right_hand_rot": null, "left_hand_pinch": false, "left_hand_pinchValue": 10.0, "left_hand_squeeze": false, "left_hand_squeezeValue": 0.0, "right_hand_pinch": false, "right_hand_pinchValue": 10.0, "right_hand_squeeze": false, "right_hand_squeezeValue": 0.0, "left_ctrl_trigger": 0, "left_ctrl_triggerValue": 10.0, "left_ctrl_squeeze": 0, "left_ctrl_squeezeValue": 0.0, "left_ctrl_aButton": 0, "left_ctrl_bButton": 0, "left_ctrl_thumbstick": 0, "left_ctrl_thumbstickValue": [0.0, 0.0], "right_ctrl_trigger": 0, "right_ctrl_triggerValue": 10.0, "right_ctrl_squeeze": 0, "right_ctrl_squeezeValue": 0.0, "right_ctrl_aButton": 0, "right_ctrl_bButton": 0, "right_ctrl_thumbstick": 0, "right_ctrl_thumbstickValue": [0.0, 0.0], "left_robot_relative_pose": [[1.0, 0.0, 0.0, 0.0], [0.0, 1.0, 0.0, 0.0], [0.0, 0.0, 1.0, 0.0], [0.0, 0.0, 0.0, 1.0]], "left_robot_relative_xyz": [0.0, 0.0, 0.0], "left_robot_relative_rpy_deg": [0.0, 0.0, 0.0], "left_robot_relative_locked": false, "left_robot_relative_calibrating": true, "left_robot_relative_source": "left_robot_world_pose", "right_robot_relative_pose": [[1.0, 0.0, 0.0, 0.0], [0.0, 1.0, 0.0, 0.0], [0.0, 0.0, 1.0, 0.0], [0.0, 0.0, 0.0, 1.0]], "right_robot_relative_xyz": [0.0, 0.0, 0.0], "right_robot_relative_rpy_deg": [0.0, 0.0, 0.0], "right_robot_relative_locked": false, "right_robot_relative_calibrating": true, "right_robot_relative_source": "right_robot_world_pose"}}
{"frame_idx": 9, "timestamp_ms": 1774490828266, "input_mode": "controller", "tele_data": {"head_pose": [[0.951317725143836, -0.05787156210626474, 0.3027299863548489, -0.08776849065477173], [0.05430750860487109, 0.9983202218661098, 0.020185159684462047, -0.08352512384288904], [-0.3033896165637759, -0.002761988968285204, 0.9528625631932406, 1.581248591859801], [0.0, 0.0, 0.0, 1.0]], "left_wrist_pose": [[0.3599334955215454, 0.41151848435401917, 0.837346613407135, 0.029123042566125787], [0.32095253467559814, 0.7880890965461731, -0.5252771377563477, 0.2661411043488323], [-0.8760616779327393, 0.4578106701374054, 0.1515868604183197, -0.3847046479778124], [0.0, 0.0, 0.0, 1.0]], "right_wrist_pose": [[0.2678814232349396, -0.36011090874671936, 0.8936496376991272, 0.12422032360488693], [-0.20756523311138153, 0.8841792345046997, 0.4185144305229187, -0.24810459946758154], [-0.9408522248268127, -0.29760655760765076, 0.16211096942424774, -0.3674218043880297], [0.0, 0.0, 0.0, 1.0]], "head_pose_valid": true, "left_arm_pose_valid": true, "right_arm_pose_valid": true, "left_robot_world_pose": [[0.3599334955215454, 0.41151848435401917, 0.837346613407135, -0.20864544808864594], [0.32095253467559814, 0.7880890965461731, -0.5252771377563477, 0.1826159805059433], [-0.8760616779327393, 0.4578106701374054, 0.1515868604183197, 0.7465439438819885], [0.0, 0.0, 0.0, 1.0]], "right_robot_world_pose": [[0.2678814232349396, -0.36011090874671936, 0.8936496376991272, -0.1135481670498848], [-0.20756523311138153, 0.8841792345046997, 0.4185144305229187, -0.3316297233104706], [-0.9408522248268127, -0.29760655760765076, 0.16211096942424774, 0.7638267874717712], [0.0, 0.0, 0.0, 1.0]], "left_hand_pos": null, "right_hand_pos": null, "left_hand_rot": null, "right_hand_rot": null, "left_hand_pinch": false, "left_hand_pinchValue": 10.0, "left_hand_squeeze": false, "left_hand_squeezeValue": 0.0, "right_hand_pinch": false, "right_hand_pinchValue": 10.0, "right_hand_squeeze": false, "right_hand_squeezeValue": 0.0, "left_ctrl_trigger": 0, "left_ctrl_triggerValue": 10.0, "left_ctrl_squeeze": 0, "left_ctrl_squeezeValue": 0.0, "left_ctrl_aButton": 0, "left_ctrl_bButton": 0, "left_ctrl_thumbstick": 0, "left_ctrl_thumbstickValue": [0.0, 0.0], "right_ctrl_trigger": 0, "right_ctrl_triggerValue": 10.0, "right_ctrl_squeeze": 0, "right_ctrl_squeezeValue": 0.0, "right_ctrl_aButton": 0, "right_ctrl_bButton": 0, "right_ctrl_thumbstick": 0, "right_ctrl_thumbstickValue": [0.0, 0.0], "left_robot_relative_pose": [[1.0, 0.0, 0.0, 0.0], [0.0, 1.0, 0.0, 0.0], [0.0, 0.0, 1.0, 0.0], [0.0, 0.0, 0.0, 1.0]], "left_robot_relative_xyz": [0.0, 0.0, 0.0], "left_robot_relative_rpy_deg": [0.0, 0.0, 0.0], "left_robot_relative_locked": false, "left_robot_relative_calibrating": true, "left_robot_relative_source": "left_robot_world_pose", "right_robot_relative_pose": [[1.0, 0.0, 0.0, 0.0], [0.0, 1.0, 0.0, 0.0], [0.0, 0.0, 1.0, 0.0], [0.0, 0.0, 0.0, 1.0]], "right_robot_relative_xyz": [0.0, 0.0, 0.0], "right_robot_relative_rpy_deg": [0.0, 0.0, 0.0], "right_robot_relative_locked": false, "right_robot_relative_calibrating": true, "right_robot_relative_source": "right_robot_world_pose"}}
{"frame_idx": 10, "timestamp_ms": 1774490828300, "input_mode": "controller", "tele_data": {"head_pose": [[0.951317725143836, -0.05787156210626474, 0.3027299863548489, -0.08776849065477173], [0.05430750860487109, 0.9983202218661098, 0.020185159684462047, -0.08352512384288904], [-0.3033896165637759, -0.002761988968285204, 0.9528625631932406, 1.581248591859801], [0.0, 0.0, 0.0, 1.0]], "left_wrist_pose": [[0.3599334955215454, 0.41151848435401917, 0.837346613407135, 0.029123042566125787], [0.32095253467559814, 0.7880890965461731, -0.5252771377563477, 0.2661411043488323], [-0.8760616779327393, 0.4578106701374054, 0.1515868604183197, -0.3847046479778124], [0.0, 0.0, 0.0, 1.0]], "right_wrist_pose": [[0.2678814232349396, -0.36011090874671936, 0.8936496376991272, 0.12422032360488693], [-0.20756523311138153, 0.8841792345046997, 0.4185144305229187, -0.24810459946758154], [-0.9408522248268127, -0.29760655760765076, 0.16211096942424774, -0.3674218043880297], [0.0, 0.0, 0.0, 1.0]], "head_pose_valid": true, "left_arm_pose_valid": true, "right_arm_pose_valid": true, "left_robot_world_pose": [[0.3599334955215454, 0.41151848435401917, 0.837346613407135, -0.20864544808864594], [0.32095253467559814, 0.7880890965461731, -0.5252771377563477, 0.1826159805059433], [-0.8760616779327393, 0.4578106701374054, 0.1515868604183197, 0.7465439438819885], [0.0, 0.0, 0.0, 1.0]], "right_robot_world_pose": [[0.2678814232349396, -0.36011090874671936, 0.8936496376991272, -0.1135481670498848], [-0.20756523311138153, 0.8841792345046997, 0.4185144305229187, -0.3316297233104706], [-0.9408522248268127, -0.29760655760765076, 0.16211096942424774, 0.7638267874717712], [0.0, 0.0, 0.0, 1.0]], "left_hand_pos": null, "right_hand_pos": null, "left_hand_rot": null, "right_hand_rot": null, "left_hand_pinch": false, "left_hand_pinchValue": 10.0, "left_hand_squeeze": false, "left_hand_squeezeValue": 0.0, "right_hand_pinch": false, "right_hand_pinchValue": 10.0, "right_hand_squeeze": false, "right_hand_squeezeValue": 0.0, "left_ctrl_trigger": 0, "left_ctrl_triggerValue": 10.0, "left_ctrl_squeeze": 0, "left_ctrl_squeezeValue": 0.0, "left_ctrl_aButton": 0, "left_ctrl_bButton": 0, "left_ctrl_thumbstick": 0, "left_ctrl_thumbstickValue": [0.0, 0.0], "right_ctrl_trigger": 0, "right_ctrl_triggerValue": 10.0, "right_ctrl_squeeze": 0, "right_ctrl_squeezeValue": 0.0, "right_ctrl_aButton": 0, "right_ctrl_bButton": 0, "right_ctrl_thumbstick": 0, "right_ctrl_thumbstickValue": [0.0, 0.0], "left_robot_relative_pose": [[1.0, 0.0, 0.0, 0.0], [0.0, 1.0, 0.0, 0.0], [0.0, 0.0, 1.0, 0.0], [0.0, 0.0, 0.0, 1.0]], "left_robot_relative_xyz": [0.0, 0.0, 0.0], "left_robot_relative_rpy_deg": [0.0, 0.0, 0.0], "left_robot_relative_locked": false, "left_robot_relative_calibrating": true, "left_robot_relative_source": "left_robot_world_pose", "right_robot_relative_pose": [[1.0, 0.0, 0.0, 0.0], [0.0, 1.0, 0.0, 0.0], [0.0, 0.0, 1.0, 0.0], [0.0, 0.0, 0.0, 1.0]], "right_robot_relative_xyz": [0.0, 0.0, 0.0], "right_robot_relative_rpy_deg": [0.0, 0.0, 0.0], "right_robot_relative_locked": false, "right_robot_relative_calibrating": true, "right_robot_relative_source": "right_robot_world_pose"}}
{"frame_idx": 11, "timestamp_ms": 1774490828334, "input_mode": "controller", "tele_data": {"head_pose": [[0.951317725143836, -0.05787156210626474, 0.3027299863548489, -0.08776849065477173], [0.05430750860487109, 0.9983202218661098, 0.020185159684462047, -0.08352512384288904], [-0.3033896165637759, -0.002761988968285204, 0.9528625631932406, 1.581248591859801], [0.0, 0.0, 0.0, 1.0]], "left_wrist_pose": [[0.3608863055706024, 0.4088189899921417, 0.8382583260536194, 0.029039759976213372], [0.3223016560077667, 0.7887601256370544, -0.5234406590461731, 0.2661639031254589], [-0.8751739859580994, 0.45907190442085266, 0.1528947353363037, -0.3846639976100756], [0.0, 0.0, 0.0, 1.0]], "right_wrist_pose": [[0.2671942114830017, -0.3616149425506592, 0.8932479023933411, 0.12506431792432587], [-0.20802387595176697, 0.8834304213523865, 0.41986581683158875, -0.24889978503353002], [-0.9409464001655579, -0.2980062961578369, 0.1608252227306366, -0.3679121718005968], [0.0, 0.0, 0.0, 1.0]], "head_pose_valid": true, "left_arm_pose_valid": true, "right_arm_pose_valid": true, "left_robot_world_pose": [[0.3608863055706024, 0.4088189899921417, 0.8382583260536194, -0.20872873067855835], [0.3223016560077667, 0.7887601256370544, -0.5234406590461731, 0.18263877928256989], [-0.8751739859580994, 0.45907190442085266, 0.1528947353363037, 0.7465845942497253], [0.0, 0.0, 0.0, 1.0]], "right_robot_world_pose": [[0.2671942114830017, -0.3616149425506592, 0.8932479023933411, -0.11270417273044586], [-0.20802387595176697, 0.8834304213523865, 0.41986581683158875, -0.33242490887641907], [-0.9409464001655579, -0.2980062961578369, 0.1608252227306366, 0.7633364200592041], [0.0, 0.0, 0.0, 1.0]], "left_hand_pos": null, "right_hand_pos": null, "left_hand_rot": null, "right_hand_rot": null, "left_hand_pinch": false, "left_hand_pinchValue": 10.0, "left_hand_squeeze": false, "left_hand_squeezeValue": 0.0, "right_hand_pinch": false, "right_hand_pinchValue": 10.0, "right_hand_squeeze": false, "right_hand_squeezeValue": 0.0, "left_ctrl_trigger": 0, "left_ctrl_triggerValue": 10.0, "left_ctrl_squeeze": 0, "left_ctrl_squeezeValue": 0.0, "left_ctrl_aButton": 0, "left_ctrl_bButton": 0, "left_ctrl_thumbstick": 0, "left_ctrl_thumbstickValue": [0.0, 0.0], "right_ctrl_trigger": 0, "right_ctrl_triggerValue": 10.0, "right_ctrl_squeeze": 0, "right_ctrl_squeezeValue": 0.0, "right_ctrl_aButton": 0, "right_ctrl_bButton": 0, "right_ctrl_thumbstick": 0, "right_ctrl_thumbstickValue": [0.0, 0.0], "left_robot_relative_pose": [[1.0, 0.0, 0.0, 0.0], [0.0, 1.0, 0.0, 0.0], [0.0, 0.0, 1.0, 0.0], [0.0, 0.0, 0.0, 1.0]], "left_robot_relative_xyz": [0.0, 0.0, 0.0], "left_robot_relative_rpy_deg": [0.0, 0.0, 0.0], "left_robot_relative_locked": false, "left_robot_relative_calibrating": true, "left_robot_relative_source": "left_robot_world_pose", "right_robot_relative_pose": [[1.0, 0.0, 0.0, 0.0], [0.0, 1.0, 0.0, 0.0], [0.0, 0.0, 1.0, 0.0], [0.0, 0.0, 0.0, 1.0]], "right_robot_relative_xyz": [0.0, 0.0, 0.0], "right_robot_relative_rpy_deg": [0.0, 0.0, 0.0], "right_robot_relative_locked": false, "right_robot_relative_calibrating": true, "right_robot_relative_source": "right_robot_world_pose"}}
