{"frame_idx": 0, "timestamp_ms": 1774489888784, "input_mode": "controller", "tele_data": {"head_pose": [[0.9857733846194219, 0.052650990413444794, 0.15962038890887797, -0.44706666224543223], [-0.05066575251339131, 0.9985796211918944, -0.01648444108474561, 0.3514347474477899], [-0.16026158674190927, 0.008162636460778033, 0.9870408178101996, 1.5975023835716555], [0.0, 0.0, 0.0, 1.0]], "left_wrist_pose": [[0.6127906441688538, 0.463850736618042, 0.6398234963417053, 0.21702303641382822], [0.28672003746032715, 0.6239563226699829, -0.7269707918167114, 0.25182594848650575], [-0.7364278435707092, 0.6289224624633789, 0.24936604499816895, -0.38388153014758325], [0.0, 0.0, 0.0, 1.0]], "right_wrist_pose": [[0.41220924258232117, -0.027949683368206024, 0.9106853008270264, 0.14071129911486277], [-0.12589338421821594, 0.9882035851478577, 0.08730223029851913, -0.24168900655728698], [-0.9023752212524414, -0.1506483256816864, 0.4038248658180237, -0.40456326900103784], [0.0, 0.0, 0.0, 1.0]], "head_pose_valid": true, "left_arm_pose_valid": true, "right_arm_pose_valid": true, "left_robot_world_pose": [[0.6127906441688538, 0.463850736618042, 0.6398234963417053, -0.380043625831604], [0.28672003746032715, 0.6239563226699829, -0.7269707918167114, 0.6032606959342957], [-0.7364278435707092, 0.6289224624633789, 0.24936604499816895, 0.7636208534240723], [0.0, 0.0, 0.0, 1.0]], "right_robot_world_pose": [[0.41220924258232117, -0.027949683368206024, 0.9106853008270264, -0.45635536313056946], [-0.12589338421821594, 0.9882035851478577, 0.08730223029851913, 0.10974574089050293], [-0.9023752212524414, -0.1506483256816864, 0.4038248658180237, 0.7429391145706177], [0.0, 0.0, 0.0, 1.0]], "left_hand_pos": null, "right_hand_pos": null, "left_hand_rot": null, "right_hand_rot": null, "left_hand_pinch": false, "left_hand_pinchValue": 10.0, "left_hand_squeeze": false, "left_hand_squeezeValue": 0.0, "right_hand_pinch": false, "right_hand_pinchValue": 10.0, "right_hand_squeeze": false, "right_hand_squeezeValue": 0.0, "left_ctrl_trigger": 0, "left_ctrl_triggerValue": 10.0, "left_ctrl_squeeze": 0, "left_ctrl_squeezeValue": 0.0, "left_ctrl_aButton": 0, "left_ctrl_bButton": 0, "left_ctrl_thumbstick": 0, "left_ctrl_thumbstickValue": [0.0, 0.0], "right_ctrl_trigger": 0, "right_ctrl_triggerValue": 10.0, "right_ctrl_squeeze": 0, "right_ctrl_squeezeValue": 0.0, "right_ctrl_aButton": 0, "right_ctrl_bButton": 0, "right_ctrl_thumbstick": 0, "right_ctrl_thumbstickValue": [0.0, 0.0], "left_robot_relative_pose": [[1.0, 0.0, 0.0, 0.0], [0.0, 1.0, 0.0, 0.0], [0.0, 0.0, 1.0, 0.0], [0.0, 0.0, 0.0, 1.0]], "left_robot_relative_xyz": [0.0, 0.0, 0.0], "left_robot_relative_rpy_deg": [0.0, 0.0, 0.0], "left_robot_relative_locked": false, "left_robot_relative_calibrating": true, "left_robot_relative_source": "left_robot_world_pose", "right_robot_relative_pose": [[1.0, 0.0, 0.0, 0.0], [0.0, 1.0, 0.0, 0.0], [0.0, 0.0, 1.0, 0.0], [0.0, 0.0, 0.0, 1.0]], "right_robot_relative_xyz": [0.0, 0.0, 0.0], "right_robot_relative_rpy_deg": [0.0, 0.0, 0.0], "right_robot_relative_locked": false, "right_robot_relative_calibrating": true, "right_robot_relative_source": "right_robot_world_pose"}}
{"frame_idx": 1, "timestamp_ms": 1774489888826, "input_mode": "controller", "tele_data": {"head_pose": [[0.9857733846194219, 0.052650990413444794, 0.15962038890887797, -0.44706666224543223], [-0.05066575251339131, 0.9985796211918944, -0.01648444108474561, 0.3514347474477899], [-0.16026158674190927, 0.008162636460778033, 0.9870408178101996, 1.5975023835716555], [0.0, 0.0, 0.0, 1.0]], "left_wrist_pose": [[0.6127906441688538, 0.463850736618042, 0.6398234963417053, 0.21702303641382822], [0.28672003746032715, 0.6239563226699829, -0.7269707918167114, 0.25182594848650575], [-0.7364278435707092, 0.6289224624633789, 0.24936604499816895, -0.38388153014758325], [0.0, 0.0, 0.0, 1.0]], "right_wrist_pose": [[0.41220924258232117, -0.027949683368206024, 0.9106853008270264, 0.14071129911486277], [-0.12589338421821594, 0.9882035851478577, 0.08730223029851913, -0.24168900655728698], [-0.9023752212524414, -0.1506483256816864, 0.4038248658180237, -0.40456326900103784], [0.0, 0.0, 0.0, 1.0]], "head_pose_valid": true, "left_arm_pose_valid": true, "right_arm_pose_valid": true, "left_robot_world_pose": [[0.6127906441688538, 0.463850736618042, 0.6398234963417053, -0.380043625831604], [0.28672003746032715, 0.6239563226699829, -0.7269707918167114, 0.6032606959342957], [-0.7364278435707092, 0.6289224624633789, 0.24936604499816895, 0.7636208534240723], [0.0, 0.0, 0.0, 1.0]], "right_robot_world_pose": [[0.41220924258232117, -0.027949683368206024, 0.9106853008270264, -0.45635536313056946], [-0.12589338421821594, 0.9882035851478577, 0.08730223029851913, 0.10974574089050293], [-0.9023752212524414, -0.1506483256816864, 0.4038248658180237, 0.7429391145706177], [0.0, 0.0, 0.0, 1.0]], "left_hand_pos": null, "right_hand_pos": null, "left_hand_rot": null, "right_hand_rot": null, "left_hand_pinch": false, "left_hand_pinchValue": 10.0, "left_hand_squeeze": false, "left_hand_squeezeValue": 0.0, "right_hand_pinch": false, "right_hand_pinchValue": 10.0, "right_hand_squeeze": false, "right_hand_squeezeValue": 0.0, "left_ctrl_trigger": 0, "left_ctrl_triggerValue": 10.0, "left_ctrl_squeeze": 0, "left_ctrl_squeezeValue": 0.0, "left_ctrl_aButton": 0, "left_ctrl_bButton": 0, "left_ctrl_thumbstick": 0, "left_ctrl_thumbstickValue": [0.0, 0.0], "right_ctrl_trigger": 0, "right_ctrl_triggerValue": 10.0, "right_ctrl_squeeze": 0, "right_ctrl_squeezeValue": 0.0, "right_ctrl_aButton": 0, "right_ctrl_bButton": 0, "right_ctrl_thumbstick": 0, "right_ctrl_thumbstickValue": [0.0, 0.0], "left_robot_relative_pose": [[1.0, 0.0, 0.0, 0.0], [0.0, 1.0, 0.0, 0.0], [0.0, 0.0, 1.0, 0.0], [0.0, 0.0, 0.0, 1.0]], "left_robot_relative_xyz": [0.0, 0.0, 0.0], "left_robot_relative_rpy_deg": [0.0, 0.0, 0.0], "left_robot_relative_locked": false, "left_robot_relative_calibrating": true, "left_robot_relative_source": "left_robot_world_pose", "right_robot_relative_pose": [[1.0, 0.0, 0.0, 0.0], [0.0, 1.0, 0.0, 0.0], [0.0, 0.0, 1.0, 0.0], [0.0, 0.0, 0.0, 1.0]], "right_robot_relative_xyz": [0.0, 0.0, 0.0], "right_robot_relative_rpy_deg": [0.0, 0.0, 0.0], "right_robot_relative_locked": false, "right_robot_relative_calibrating": true, "right_robot_relative_source": "right_robot_world_pose"}}
{"frame_idx": 2, "timestamp_ms": 1774489888860, "input_mode": "controller", "tele_data": {"head_pose": [[0.9857733846194219, 0.052650990413444794, 0.15962038890887797, -0.44706666224543223], [-0.05066575251339131, 0.9985796211918944, -0.01648444108474561, 0.3514347474477899], [-0.16026158674190927, 0.008162636460778033, 0.9870408178101996, 1.5975023835716555], [0.0, 0.0, 0.0, 1.0]], "left_wrist_pose": [[0.6130480766296387, 0.4639192819595337, 0.6395269632339478, 0.2172982608610786], [0.2873646914958954, 0.6230770349502563, -0.7274702787399292, 0.25206090999621034], [-0.7359620332717896, 0.6297431588172913, 0.24866901338100433, -0.3837617844162295], [0.0, 0.0, 0.0, 1.0]], "right_wrist_pose": [[0.4142853319644928, -0.03136430308222771, 0.9096315503120422, 0.14243539326731333], [-0.12481880933046341, 0.9880150556564331, 0.09090449661016464, -0.2421958919070375], [-0.9015734195709229, -0.15121176838874817, 0.4054020345211029, -0.4034586757240603], [0.0, 0.0, 0.0, 1.0]], "head_pose_valid": true, "left_arm_pose_valid": true, "right_arm_pose_valid": true, "left_robot_world_pose": [[0.6130480766296387, 0.4639192819595337, 0.6395269632339478, -0.37976840138435364], [0.2873646914958954, 0.6230770349502563, -0.7274702787399292, 0.6034956574440002], [-0.7359620332717896, 0.6297431588172913, 0.24866901338100433, 0.763740599155426], [0.0, 0.0, 0.0, 1.0]], "right_robot_world_pose": [[0.4142853319644928, -0.03136430308222771, 0.9096315503120422, -0.4546312689781189], [-0.12481880933046341, 0.9880150556564331, 0.09090449661016464, 0.10923885554075241], [-0.9015734195709229, -0.15121176838874817, 0.4054020345211029, 0.7440437078475952], [0.0, 0.0, 0.0, 1.0]], "left_hand_pos": null, "right_hand_pos": null, "left_hand_rot": null, "right_hand_rot": null, "left_hand_pinch": false, "left_hand_pinchValue": 10.0, "left_hand_squeeze": false, "left_hand_squeezeValue": 0.0, "right_hand_pinch": false, "right_hand_pinchValue": 10.0, "right_hand_squeeze": false, "right_hand_squeezeValue": 0.0, "left_ctrl_trigger": 0, "left_ctrl_triggerValue": 10.0, "left_ctrl_squeeze": 0, "left_ctrl_squeezeValue": 0.0, "left_ctrl_aButton": 0, "left_ctrl_bButton": 0, "left_ctrl_thumbstick": 0, "left_ctrl_thumbstickValue": [0.0, 0.0], "right_ctrl_trigger": 0, "right_ctrl_triggerValue": 10.0, "right_ctrl_squeeze": 0, "right_ctrl_squeezeValue": 0.0, "right_ctrl_aButton": 0, "right_ctrl_bButton": 0, "right_ctrl_thumbstick": 0, "right_ctrl_thumbstickValue": [0.0, 0.0], "left_robot_relative_pose": [[1.0, 0.0, 0.0, 0.0], [0.0, 1.0, 0.0, 0.0], [0.0, 0.0, 1.0, 0.0], [0.0, 0.0, 0.0, 1.0]], "left_robot_relative_xyz": [0.0, 0.0, 0.0], "left_robot_relative_rpy_deg": [0.0, 0.0, 0.0], "left_robot_relative_locked": false, "left_robot_relative_calibrating": true, "left_robot_relative_source": "left_robot_world_pose", "right_robot_relative_pose": [[1.0, 0.0, 0.0, 0.0], [0.0, 1.0, 0.0, 0.0], [0.0, 0.0, 1.0, 0.0], [0.0, 0.0, 0.0, 1.0]], "right_robot_relative_xyz": [0.0, 0.0, 0.0], "right_robot_relative_rpy_deg": [0.0, 0.0, 0.0], "right_robot_relative_locked": false, "right_robot_relative_calibrating": true, "right_robot_relative_source": "right_robot_world_pose"}}
{"frame_idx": 3, "timestamp_ms": 1774489888895, "input_mode": "controller", "tele_data": {"head_pose": [[0.9857733846194219, 0.052650990413444794, 0.15962038890887797, -0.44706666224543223], [-0.05066575251339131, 0.9985796211918944, -0.01648444108474561, 0.3514347474477899], [-0.16026158674190927, 0.008162636460778033, 0.9870408178101996, 1.5975023835716555], [0.0, 0.0, 0.0, 1.0]], "left_wrist_pose": [[0.6130480766296387, 0.4639192819595337, 0.6395269632339478, 0.2172982608610786], [0.2873646914958954, 0.6230770349502563, -0.7274702787399292, 0.25206090999621034], [-0.7359620332717896, 0.6297431588172913, 0.24866901338100433, -0.3837617844162295], [0.0, 0.0, 0.0, 1.0]], "right_wrist_pose": [[0.4142853319644928, -0.03136430308222771, 0.9096315503120422, 0.14243539326731333], [-0.12481880933046341, 0.9880150556564331, 0.09090449661016464, -0.2421958919070375], [-0.9015734195709229, -0.15121176838874817, 0.4054020345211029, -0.4034586757240603], [0.0, 0.0, 0.0, 1.0]], "head_pose_valid": true, "left_arm_pose_valid": true, "right_arm_pose_valid": true, "left_robot_world_pose": [[0.6130480766296387, 0.4639192819595337, 0.6395269632339478, -0.37976840138435364], [0.2873646914958954, 0.6230770349502563, -0.7274702787399292, 0.6034956574440002], [-0.7359620332717896, 0.6297431588172913, 0.24866901338100433, 0.763740599155426], [0.0, 0.0, 0.0, 1.0]], "right_robot_world_pose": [[0.4142853319644928, -0.03136430308222771, 0.9096315503120422, -0.4546312689781189], [-0.12481880933046341, 0.9880150556564331, 0.09090449661016464, 0.10923885554075241], [-0.9015734195709229, -0.15121176838874817, 0.4054020345211029, 0.7440437078475952], [0.0, 0.0, 0.0, 1.0]], "left_hand_pos": null, "right_hand_pos": null, "left_hand_rot": null, "right_hand_rot": null, "left_hand_pinch": false, "left_hand_pinchValue": 10.0, "left_hand_squeeze": false, "left_hand_squeezeValue": 0.0, "right_hand_pinch": false, "right_hand_pinchValue": 10.0, "right_hand_squeeze": false, "right_hand_squeezeValue": 0.0, "left_ctrl_trigger": 0, "left_ctrl_triggerValue": 10.0, "left_ctrl_squeeze": 0, "left_ctrl_squeezeValue": 0.0, "left_ctrl_aButton": 0, "left_ctrl_bButton": 0, "left_ctrl_thumbstick": 0, "left_ctrl_thumbstickValue": [0.0, 0.0], "right_ctrl_trigger": 0, "right_ctrl_triggerValue": 10.0, "right_ctrl_squeeze": 0, "right_ctrl_squeezeValue": 0.0, "right_ctrl_aButton": 0, "right_ctrl_bButton": 0, "right_ctrl_thumbstick": 0, "right_ctrl_thumbstickValue": [0.0, 0.0], "left_robot_relative_pose": [[1.0, 0.0, 0.0, 0.0], [0.0, 1.0, 0.0, 0.0], [0.0, 0.0, 1.0, 0.0], [0.0, 0.0, 0.0, 1.0]], "left_robot_relative_xyz": [0.0, 0.0, 0.0], "left_robot_relative_rpy_deg": [0.0, 0.0, 0.0], "left_robot_relative_locked": false, "left_robot_relative_calibrating": true, "left_robot_relative_source": "left_robot_world_pose", "right_robot_relative_pose": [[1.0, 0.0, 0.0, 0.0], [0.0, 1.0, 0.0, 0.0], [0.0, 0.0, 1.0, 0.0], [0.0, 0.0, 0.0, 1.0]], "right_robot_relative_xyz": [0.0, 0.0, 0.0], "right_robot_relative_rpy_deg": [0.0, 0.0, 0.0], "right_robot_relative_locked": false, "right_robot_relative_calibrating": true, "right_robot_relative_source": "right_robot_world_pose"}}
{"frame_idx": 4, "timestamp_ms": 1774489888930, "input_mode": "controller", "tele_data": {"head_pose": [[0.9857733846194219, 0.052650990413444794, 0.15962038890887797, -0.44706666224543223], [-0.05066575251339131, 0.9985796211918944, -0.01648444108474561, 0.3514347474477899], [-0.16026158674190927, 0.008162636460778033, 0.9870408178101996, 1.5975023835716555], [0.0, 0.0, 0.0, 1.0]], "left_wrist_pose": [[0.6130480766296387, 0.4639192819595337, 0.6395269632339478, 0.2172982608610786], [0.2873646914958954, 0.6230770349502563, -0.7274702787399292, 0.25206090999621034], [-0.7359620332717896, 0.6297431588172913, 0.24866901338100433, -0.3837617844162295], [0.0, 0.0, 0.0, 1.0]], "right_wrist_pose": [[0.4142853319644928, -0.03136430308222771, 0.9096315503120422, 0.14243539326731333], [-0.12481880933046341, 0.9880150556564331, 0.09090449661016464, -0.2421958919070375], [-0.9015734195709229, -0.15121176838874817, 0.4054020345211029, -0.4034586757240603], [0.0, 0.0, 0.0, 1.0]], "head_pose_valid": true, "left_arm_pose_valid": true, "right_arm_pose_valid": true, "left_robot_world_pose": [[0.6130480766296387, 0.4639192819595337, 0.6395269632339478, -0.37976840138435364], [0.2873646914958954, 0.6230770349502563, -0.7274702787399292, 0.6034956574440002], [-0.7359620332717896, 0.6297431588172913, 0.24866901338100433, 0.763740599155426], [0.0, 0.0, 0.0, 1.0]], "right_robot_world_pose": [[0.4142853319644928, -0.03136430308222771, 0.9096315503120422, -0.4546312689781189], [-0.12481880933046341, 0.9880150556564331, 0.09090449661016464, 0.10923885554075241], [-0.9015734195709229, -0.15121176838874817, 0.4054020345211029, 0.7440437078475952], [0.0, 0.0, 0.0, 1.0]], "left_hand_pos": null, "right_hand_pos": null, "left_hand_rot": null, "right_hand_rot": null, "left_hand_pinch": false, "left_hand_pinchValue": 10.0, "left_hand_squeeze": false, "left_hand_squeezeValue": 0.0, "right_hand_pinch": false, "right_hand_pinchValue": 10.0, "right_hand_squeeze": false, "right_hand_squeezeValue": 0.0, "left_ctrl_trigger": 0, "left_ctrl_triggerValue": 10.0, "left_ctrl_squeeze": 0, "left_ctrl_squeezeValue": 0.0, "left_ctrl_aButton": 0, "left_ctrl_bButton": 0, "left_ctrl_thumbstick": 0, "left_ctrl_thumbstickValue": [0.0, 0.0], "right_ctrl_trigger": 0, "right_ctrl_triggerValue": 10.0, "right_ctrl_squeeze": 0, "right_ctrl_squeezeValue": 0.0, "right_ctrl_aButton": 0, "right_ctrl_bButton": 0, "right_ctrl_thumbstick": 0, "right_ctrl_thumbstickValue": [0.0, 0.0], "left_robot_relative_pose": [[1.0, 0.0, 0.0, 0.0], [0.0, 1.0, 0.0, 0.0], [0.0, 0.0, 1.0, 0.0], [0.0, 0.0, 0.0, 1.0]], "left_robot_relative_xyz": [0.0, 0.0, 0.0], "left_robot_relative_rpy_deg": [0.0, 0.0, 0.0], "left_robot_relative_locked": false, "left_robot_relative_calibrating": true, "left_robot_relative_source": "left_robot_world_pose", "right_robot_relative_pose": [[1.0, 0.0, 0.0, 0.0], [0.0, 1.0, 0.0, 0.0], [0.0, 0.0, 1.0, 0.0], [0.0, 0.0, 0.0, 1.0]], "right_robot_relative_xyz": [0.0, 0.0, 0.0], "right_robot_relative_rpy_deg": [0.0, 0.0, 0.0], "right_robot_relative_locked": false, "right_robot_relative_calibrating": true, "right_robot_relative_source": "right_robot_world_pose"}}
{"frame_idx": 5, "timestamp_ms": 1774489888964, "input_mode": "controller", "tele_data": {"head_pose": [[0.9857733846194219, 0.052650990413444794, 0.15962038890887797, -0.44706666224543223], [-0.05066575251339131, 0.9985796211918944, -0.01648444108474561, 0.3514347474477899], [-0.16026158674190927, 0.008162636460778033, 0.9870408178101996, 1.5975023835716555], [0.0, 0.0, 0.0, 1.0]], "left_wrist_pose": [[0.6130480766296387, 0.4639192819595337, 0.6395269632339478, 0.2172982608610786], [0.2873646914958954, 0.6230770349502563, -0.7274702787399292, 0.25206090999621034], [-0.7359620332717896, 0.6297431588172913, 0.24866901338100433, -0.3837617844162295], [0.0, 0.0, 0.0, 1.0]], "right_wrist_pose": [[0.4142853319644928, -0.03136430308222771, 0.9096315503120422, 0.14243539326731333], [-0.12481880933046341, 0.9880150556564331, 0.09090449661016464, -0.2421958919070375], [-0.9015734195709229, -0.15121176838874817, 0.4054020345211029, -0.4034586757240603], [0.0, 0.0, 0.0, 1.0]], "head_pose_valid": true, "left_arm_pose_valid": true, "right_arm_pose_valid": true, "left_robot_world_pose": [[0.6130480766296387, 0.4639192819595337, 0.6395269632339478, -0.37976840138435364], [0.2873646914958954, 0.6230770349502563, -0.7274702787399292, 0.6034956574440002], [-0.7359620332717896, 0.6297431588172913, 0.24866901338100433, 0.763740599155426], [0.0, 0.0, 0.0, 1.0]], "right_robot_world_pose": [[0.4142853319644928, -0.03136430308222771, 0.9096315503120422, -0.4546312689781189], [-0.12481880933046341, 0.9880150556564331, 0.09090449661016464, 0.10923885554075241], [-0.9015734195709229, -0.15121176838874817, 0.4054020345211029, 0.7440437078475952], [0.0, 0.0, 0.0, 1.0]], "left_hand_pos": null, "right_hand_pos": null, "left_hand_rot": null, "right_hand_rot": null, "left_hand_pinch": false, "left_hand_pinchValue": 10.0, "left_hand_squeeze": false, "left_hand_squeezeValue": 0.0, "right_hand_pinch": false, "right_hand_pinchValue": 10.0, "right_hand_squeeze": false, "right_hand_squeezeValue": 0.0, "left_ctrl_trigger": 0, "left_ctrl_triggerValue": 10.0, "left_ctrl_squeeze": 0, "left_ctrl_squeezeValue": 0.0, "left_ctrl_aButton": 0, "left_ctrl_bButton": 0, "left_ctrl_thumbstick": 0, "left_ctrl_thumbstickValue": [0.0, 0.0], "right_ctrl_trigger": 0, "right_ctrl_triggerValue": 10.0, "right_ctrl_squeeze": 0, "right_ctrl_squeezeValue": 0.0, "right_ctrl_aButton": 0, "right_ctrl_bButton": 0, "right_ctrl_thumbstick": 0, "right_ctrl_thumbstickValue": [0.0, 0.0], "left_robot_relative_pose": [[1.0, 0.0, 0.0, 0.0], [0.0, 1.0, 0.0, 0.0], [0.0, 0.0, 1.0, 0.0], [0.0, 0.0, 0.0, 1.0]], "left_robot_relative_xyz": [0.0, 0.0, 0.0], "left_robot_relative_rpy_deg": [0.0, 0.0, 0.0], "left_robot_relative_locked": false, "left_robot_relative_calibrating": true, "left_robot_relative_source": "left_robot_world_pose", "right_robot_relative_pose": [[1.0, 0.0, 0.0, 0.0], [0.0, 1.0, 0.0, 0.0], [0.0, 0.0, 1.0, 0.0], [0.0, 0.0, 0.0, 1.0]], "right_robot_relative_xyz": [0.0, 0.0, 0.0], "right_robot_relative_rpy_deg": [0.0, 0.0, 0.0], "right_robot_relative_locked": false, "right_robot_relative_calibrating": true, "right_robot_relative_source": "right_robot_world_pose"}}
{"frame_idx": 6, "timestamp_ms": 1774489888998, "input_mode": "controller", "tele_data": {"head_pose": [[0.986532270570635, 0.04827660452079501, 0.15627985942061395, -0.44547342798178446], [-0.04623174537468232, 0.998791217746078, -0.01669528760831799, 0.3496179036945003], [-0.15689693641964936, 0.009245349495895259, 0.9875717166962961, 1.5977474470746071], [0.0, 0.0, 0.0, 1.0]], "left_wrist_pose": [[0.6133750677108765, 0.46309733390808105, 0.639809250831604, 0.21663596174185526], [0.2885489761829376, 0.6226785182952881, -0.7273426651954651, 0.25393294765056196], [-0.7352259755134583, 0.6307414770126343, 0.24831600487232208, -0.3834437032353432], [0.0, 0.0, 0.0, 1.0]], "right_wrist_pose": [[0.41782146692276, -0.03264608979225159, 0.9079675674438477, 0.14389880439703714], [-0.12314479798078537, 0.9881064891815186, 0.09218505769968033, -0.24093022720514712], [-0.9001706838607788, -0.15034069120883942, 0.40882858633995056, -0.4019997020375283], [0.0, 0.0, 0.0, 1.0]], "head_pose_valid": true, "left_arm_pose_valid": true, "right_arm_pose_valid": true, "left_robot_world_pose": [[0.6133750677108765, 0.46309733390808105, 0.639809250831604, -0.3788374662399292], [0.2885489761829376, 0.6226785182952881, -0.7273426651954651, 0.6035508513450623], [-0.7352259755134583, 0.6307414770126343, 0.24831600487232208, 0.7643037438392639], [0.0, 0.0, 0.0, 1.0]], "right_robot_world_pose": [[0.41782146692276, -0.03264608979225159, 0.9079675674438477, -0.4515746235847473], [-0.12314479798078537, 0.9881064891815186, 0.09218505769968033, 0.10868767648935318], [-0.9001706838607788, -0.15034069120883942, 0.40882858633995056, 0.7457477450370789], [0.0, 0.0, 0.0, 1.0]], "left_hand_pos": null, "right_hand_pos": null, "left_hand_rot": null, "right_hand_rot": null, "left_hand_pinch": false, "left_hand_pinchValue": 10.0, "left_hand_squeeze": false, "left_hand_squeezeValue": 0.0, "right_hand_pinch": false, "right_hand_pinchValue": 10.0, "right_hand_squeeze": false, "right_hand_squeezeValue": 0.0, "left_ctrl_trigger": 0, "left_ctrl_triggerValue": 10.0, "left_ctrl_squeeze": 0, "left_ctrl_squeezeValue": 0.0, "left_ctrl_aButton": 0, "left_ctrl_bButton": 0, "left_ctrl_thumbstick": 0, "left_ctrl_thumbstickValue": [0.0, 0.0], "right_ctrl_trigger": 0, "right_ctrl_triggerValue": 10.0, "right_ctrl_squeeze": 0, "right_ctrl_squeezeValue": 0.0, "right_ctrl_aButton": 0, "right_ctrl_bButton": 0, "right_ctrl_thumbstick": 0, "right_ctrl_thumbstickValue": [0.0, 0.0], "left_robot_relative_pose": [[1.0, 0.0, 0.0, 0.0], [0.0, 1.0, 0.0, 0.0], [0.0, 0.0, 1.0, 0.0], [0.0, 0.0, 0.0, 1.0]], "left_robot_relative_xyz": [0.0, 0.0, 0.0], "left_robot_relative_rpy_deg": [0.0, 0.0, 0.0], "left_robot_relative_locked": false, "left_robot_relative_calibrating": true, "left_robot_relative_source": "left_robot_world_pose", "right_robot_relative_pose": [[1.0, 0.0, 0.0, 0.0], [0.0, 1.0, 0.0, 0.0], [0.0, 0.0, 1.0, 0.0], [0.0, 0.0, 0.0, 1.0]], "right_robot_relative_xyz": [0.0, 0.0, 0.0], "right_robot_relative_rpy_deg": [0.0, 0.0, 0.0], "right_robot_relative_locked": false, "right_robot_relative_calibrating": true, "right_robot_relative_source": "right_robot_world_pose"}}
{"frame_idx": 7, "timestamp_ms": 1774489889032, "input_mode": "controller", "tele_data": {"head_pose": [[0.986532270570635, 0.04827660452079501, 0.15627985942061395, -0.44547342798178446], [-0.04623174537468232, 0.998791217746078, -0.01669528760831799, 0.3496179036945003], [-0.15689693641964936, 0.009245349495895259, 0.9875717166962961, 1.5977474470746071], [0.0, 0.0, 0.0, 1.0]], "left_wrist_pose": [[0.6134228110313416, 0.46257662773132324, 0.6401400566101074, 0.2172154380983616], [0.2887163758277893, 0.6230800151824951, -0.7269322276115417, 0.2537976451069218], [-0.735120415687561, 0.6307270526885986, 0.24866481125354767, -0.3829886813771279], [0.0, 0.0, 0.0, 1.0]], "right_wrist_pose": [[0.4179382622241974, -0.03447185456752777, 0.9078463315963745, 0.14440904995863688], [-0.12317883223295212, 0.9879112839698792, 0.09420870989561081, -0.24099391476808962], [-0.9001117944717407, -0.1512131690979004, 0.4086364805698395, -0.40171205002184224], [0.0, 0.0, 0.0, 1.0]], "head_pose_valid": true, "left_arm_pose_valid": true, "right_arm_pose_valid": true, "left_robot_world_pose": [[0.6134228110313416, 0.46257662773132324, 0.6401400566101074, -0.37825798988342285], [0.2887163758277893, 0.6230800151824951, -0.7269322276115417, 0.6034155488014221], [-0.735120415687561, 0.6307270526885986, 0.24866481125354767, 0.7647587656974792], [0.0, 0.0, 0.0, 1.0]], "right_robot_world_pose": [[0.4179382622241974, -0.03447185456752777, 0.9078463315963745, -0.4510643780231476], [-0.12317883223295212, 0.9879112839698792, 0.09420870989561081, 0.10862398892641068], [-0.9001117944717407, -0.1512131690979004, 0.4086364805698395, 0.7460353970527649], [0.0, 0.0, 0.0, 1.0]], "left_hand_pos": null, "right_hand_pos": null, "left_hand_rot": null, "right_hand_rot": null, "left_hand_pinch": false, "left_hand_pinchValue": 10.0, "left_hand_squeeze": false, "left_hand_squeezeValue": 0.0, "right_hand_pinch": false, "right_hand_pinchValue": 10.0, "right_hand_squeeze": false, "right_hand_squeezeValue": 0.0, "left_ctrl_trigger": 0, "left_ctrl_triggerValue": 10.0, "left_ctrl_squeeze": 0, "left_ctrl_squeezeValue": 0.0, "left_ctrl_aButton": 0, "left_ctrl_bButton": 0, "left_ctrl_thumbstick": 0, "left_ctrl_thumbstickValue": [0.0, 0.0], "right_ctrl_trigger": 0, "right_ctrl_triggerValue": 10.0, "right_ctrl_squeeze": 0, "right_ctrl_squeezeValue": 0.0, "right_ctrl_aButton": 0, "right_ctrl_bButton": 0, "right_ctrl_thumbstick": 0, "right_ctrl_thumbstickValue": [0.0, 0.0], "left_robot_relative_pose": [[1.0, 0.0, 0.0, 0.0], [0.0, 1.0, 0.0, 0.0], [0.0, 0.0, 1.0, 0.0], [0.0, 0.0, 0.0, 1.0]], "left_robot_relative_xyz": [0.0, 0.0, 0.0], "left_robot_relative_rpy_deg": [0.0, 0.0, 0.0], "left_robot_relative_locked": false, "left_robot_relative_calibrating": true, "left_robot_relative_source": "left_robot_world_pose", "right_robot_relative_pose": [[1.0, 0.0, 0.0, 0.0], [0.0, 1.0, 0.0, 0.0], [0.0, 0.0, 1.0, 0.0], [0.0, 0.0, 0.0, 1.0]], "right_robot_relative_xyz": [0.0, 0.0, 0.0], "right_robot_relative_rpy_deg": [0.0, 0.0, 0.0], "right_robot_relative_locked": false, "right_robot_relative_calibrating": true, "right_robot_relative_source": "right_robot_world_pose"}}
{"frame_idx": 8, "timestamp_ms": 1774489889065, "input_mode": "controller", "tele_data": {"head_pose": [[0.986532270570635, 0.04827660452079501, 0.15627985942061395, -0.44547342798178446], [-0.04623174537468232, 0.998791217746078, -0.01669528760831799, 0.3496179036945003], [-0.15689693641964936, 0.009245349495895259, 0.9875717166962961, 1.5977474470746071], [0.0, 0.0, 0.0, 1.0]], "left_wrist_pose": [[0.6134228110313416, 0.46257662773132324, 0.6401400566101074, 0.2172154380983616], [0.2887163758277893, 0.6230800151824951, -0.7269322276115417, 0.2537976451069218], [-0.735120415687561, 0.6307270526885986, 0.24866481125354767, -0.3829886813771279], [0.0, 0.0, 0.0, 1.0]], "right_wrist_pose": [[0.4179382622241974, -0.03447185456752777, 0.9078463315963745, 0.14440904995863688], [-0.12317883223295212, 0.9879112839698792, 0.09420870989561081, -0.24099391476808962], [-0.9001117944717407, -0.1512131690979004, 0.4086364805698395, -0.40171205002184224], [0.0, 0.0, 0.0, 1.0]], "head_pose_valid": true, "left_arm_pose_valid": true, "right_arm_pose_valid": true, "left_robot_world_pose": [[0.6134228110313416, 0.46257662773132324, 0.6401400566101074, -0.37825798988342285], [0.2887163758277893, 0.6230800151824951, -0.7269322276115417, 0.6034155488014221], [-0.735120415687561, 0.6307270526885986, 0.24866481125354767, 0.7647587656974792], [0.0, 0.0, 0.0, 1.0]], "right_robot_world_pose": [[0.4179382622241974, -0.03447185456752777, 0.9078463315963745, -0.4510643780231476], [-0.12317883223295212, 0.9879112839698792, 0.09420870989561081, 0.10862398892641068], [-0.9001117944717407, -0.1512131690979004, 0.4086364805698395, 0.7460353970527649], [0.0, 0.0, 0.0, 1.0]], "left_hand_pos": null, "right_hand_pos": null, "left_hand_rot": null, "right_hand_rot": null, "left_hand_pinch": false, "left_hand_pinchValue": 10.0, "left_hand_squeeze": false, "left_hand_squeezeValue": 0.0, "right_hand_pinch": false, "right_hand_pinchValue": 10.0, "right_hand_squeeze": false, "right_hand_squeezeValue": 0.0, "left_ctrl_trigger": 0, "left_ctrl_triggerValue": 10.0, "left_ctrl_squeeze": 0, "left_ctrl_squeezeValue": 0.0, "left_ctrl_aButton": 0, "left_ctrl_bButton": 0, "left_ctrl_thumbstick": 0, "left_ctrl_thumbstickValue": [0.0, 0.0], "right_ctrl_trigger": 0, "right_ctrl_triggerValue": 10.0, "right_ctrl_squeeze": 0, "right_ctrl_squeezeValue": 0.0, "right_ctrl_aButton": 0, "right_ctrl_bButton": 0, "right_ctrl_thumbstick": 0, "right_ctrl_thumbstickValue": [0.0, 0.0], "left_robot_relative_pose": [[1.0, 0.0, 0.0, 0.0], [0.0, 1.0, 0.0, 0.0], [0.0, 0.0, 1.0, 0.0], [0.0, 0.0, 0.0, 1.0]], "left_robot_relative_xyz": [0.0, 0.0, 0.0], "left_robot_relative_rpy_deg": [0.0, 0.0, 0.0], "left_robot_relative_locked": false, "left_robot_relative_calibrating": true, "left_robot_relative_source": "left_robot_world_pose", "right_robot_relative_pose": [[1.0, 0.0, 0.0, 0.0], [0.0, 1.0, 0.0, 0.0], [0.0, 0.0, 1.0, 0.0], [0.0, 0.0, 0.0, 1.0]], "right_robot_relative_xyz": [0.0, 0.0, 0.0], "right_robot_relative_rpy_deg": [0.0, 0.0, 0.0], "right_robot_relative_locked": false, "right_robot_relative_calibrating": true, "right_robot_relative_source": "right_robot_world_pose"}}
{"frame_idx": 9, "timestamp_ms": 1774489889099, "input_mode": "controller", "tele_data": {"head_pose": [[0.986532270570635, 0.04827660452079501, 0.15627985942061395, -0.44547342798178446], [-0.04623174537468232, 0.998791217746078, -0.01669528760831799, 0.3496179036945003], [-0.15689693641964936, 0.009245349495895259, 0.9875717166962961, 1.5977474470746071], [0.0, 0.0, 0.0, 1.0]], "left_wrist_pose": [[0.6134228110313416, 0.46257662773132324, 0.6401400566101074, 0.2172154380983616], [0.2887163758277893, 0.6230800151824951, -0.7269322276115417, 0.2537976451069218], [-0.735120415687561, 0.6307270526885986, 0.24866481125354767, -0.3829886813771279], [0.0, 0.0, 0.0, 1.0]], "right_wrist_pose": [[0.4179382622241974, -0.03447185456752777, 0.9078463315963745, 0.14440904995863688], [-0.12317883223295212, 0.9879112839698792, 0.09420870989561081, -0.24099391476808962], [-0.9001117944717407, -0.1512131690979004, 0.4086364805698395, -0.40171205002184224], [0.0, 0.0, 0.0, 1.0]], "head_pose_valid": true, "left_arm_pose_valid": true, "right_arm_pose_valid": true, "left_robot_world_pose": [[0.6134228110313416, 0.46257662773132324, 0.6401400566101074, -0.37825798988342285], [0.2887163758277893, 0.6230800151824951, -0.7269322276115417, 0.6034155488014221], [-0.735120415687561, 0.6307270526885986, 0.24866481125354767, 0.7647587656974792], [0.0, 0.0, 0.0, 1.0]], "right_robot_world_pose": [[0.4179382622241974, -0.03447185456752777, 0.9078463315963745, -0.4510643780231476], [-0.12317883223295212, 0.9879112839698792, 0.09420870989561081, 0.10862398892641068], [-0.9001117944717407, -0.1512131690979004, 0.4086364805698395, 0.7460353970527649], [0.0, 0.0, 0.0, 1.0]], "left_hand_pos": null, "right_hand_pos": null, "left_hand_rot": null, "right_hand_rot": null, "left_hand_pinch": false, "left_hand_pinchValue": 10.0, "left_hand_squeeze": false, "left_hand_squeezeValue": 0.0, "right_hand_pinch": false, "right_hand_pinchValue": 10.0, "right_hand_squeeze": false, "right_hand_squeezeValue": 0.0, "left_ctrl_trigger": 0, "left_ctrl_triggerValue": 10.0, "left_ctrl_squeeze": 0, "left_ctrl_squeezeValue": 0.0, "left_ctrl_aButton": 0, "left_ctrl_bButton": 0, "left_ctrl_thumbstick": 0, "left_ctrl_thumbstickValue": [0.0, 0.0], "right_ctrl_trigger": 0, "right_ctrl_triggerValue": 10.0, "right_ctrl_squeeze": 0, "right_ctrl_squeezeValue": 0.0, "right_ctrl_aButton": 0, "right_ctrl_bButton": 0, "right_ctrl_thumbstick": 0, "right_ctrl_thumbstickValue": [0.0, 0.0], "left_robot_relative_pose": [[1.0, 0.0, 0.0, 0.0], [0.0, 1.0, 0.0, 0.0], [0.0, 0.0, 1.0, 0.0], [0.0, 0.0, 0.0, 1.0]], "left_robot_relative_xyz": [0.0, 0.0, 0.0], "left_robot_relative_rpy_deg": [0.0, 0.0, 0.0], "left_robot_relative_locked": false, "left_robot_relative_calibrating": true, "left_robot_relative_source": "left_robot_world_pose", "right_robot_relative_pose": [[1.0, 0.0, 0.0, 0.0], [0.0, 1.0, 0.0, 0.0], [0.0, 0.0, 1.0, 0.0], [0.0, 0.0, 0.0, 1.0]], "right_robot_relative_xyz": [0.0, 0.0, 0.0], "right_robot_relative_rpy_deg": [0.0, 0.0, 0.0], "right_robot_relative_locked": false, "right_robot_relative_calibrating": true, "right_robot_relative_source": "right_robot_world_pose"}}
{"frame_idx": 10, "timestamp_ms": 1774489889132, "input_mode": "controller", "tele_data": {"head_pose": [[0.9862284656471579, 0.04797483832316421, 0.15827755325643608, -0.444339607897804], [-0.0456592567197798, 0.9987906216486694, -0.01823604468708901, 0.34879057547695536], [-0.15896100110204617, 0.010758071313742115, 0.9872262482774616, 1.5975207327658694], [0.0, 0.0, 0.0, 1.0]], "left_wrist_pose": [[0.6143568158149719, 0.46366846561431885, 0.6384521722793579, 0.21724206084351325], [0.287919282913208, 0.6216086149215698, -0.7285065054893494, 0.2540786967551003], [-0.7346528768539429, 0.6313769221305847, 0.24839721620082855, -0.38193495262213156], [0.0, 0.0, 0.0, 1.0]], "right_wrist_pose": [[0.41781944036483765, -0.03490493446588516, 0.907884418964386, 0.1435737001333692], [-0.12275423109531403, 0.9879395961761475, 0.09446557611227036, -0.24011027506239313], [-0.9002249836921692, -0.15092849731445312, 0.40849238634109497, -0.4011480330283205], [0.0, 0.0, 0.0, 1.0]], "head_pose_valid": true, "left_arm_pose_valid": true, "right_arm_pose_valid": true, "left_robot_world_pose": [[0.6143568158149719, 0.46366846561431885, 0.6384521722793579, -0.37709754705429077], [0.287919282913208, 0.6216086149215698, -0.7285065054893494, 0.6028692722320557], [-0.7346528768539429, 0.6313769221305847, 0.24839721620082855, 0.7655857801437378], [0.0, 0.0, 0.0, 1.0]], "right_robot_world_pose": [[0.41781944036483765, -0.03490493446588516, 0.907884418964386, -0.4507659077644348], [-0.12275423109531403, 0.9879395961761475, 0.09446557611227036, 0.10868030041456223], [-0.9002249836921692, -0.15092849731445312, 0.40849238634109497, 0.7463726997375488], [0.0, 0.0, 0.0, 1.0]], "left_hand_pos": null, "right_hand_pos": null, "left_hand_rot": null, "right_hand_rot": null, "left_hand_pinch": false, "left_hand_pinchValue": 10.0, "left_hand_squeeze": false, "left_hand_squeezeValue": 0.0, "right_hand_pinch": false, "right_hand_pinchValue": 10.0, "right_hand_squeeze": false, "right_hand_squeezeValue": 0.0, "left_ctrl_trigger": 0, "left_ctrl_triggerValue": 10.0, "left_ctrl_squeeze": 0, "left_ctrl_squeezeValue": 0.0, "left_ctrl_aButton": 0, "left_ctrl_bButton": 0, "left_ctrl_thumbstick": 0, "left_ctrl_thumbstickValue": [0.0, 0.0], "right_ctrl_trigger": 0, "right_ctrl_triggerValue": 10.0, "right_ctrl_squeeze": 0, "right_ctrl_squeezeValue": 0.0, "right_ctrl_aButton": 0, "right_ctrl_bButton": 0, "right_ctrl_thumbstick": 0, "right_ctrl_thumbstickValue": [0.0, 0.0], "left_robot_relative_pose": [[1.0, 0.0, 0.0, 0.0], [0.0, 1.0, 0.0, 0.0], [0.0, 0.0, 1.0, 0.0], [0.0, 0.0, 0.0, 1.0]], "left_robot_relative_xyz": [0.0, 0.0, 0.0], "left_robot_relative_rpy_deg": [0.0, 0.0, 0.0], "left_robot_relative_locked": false, "left_robot_relative_calibrating": true, "left_robot_relative_source": "left_robot_world_pose", "right_robot_relative_pose": [[1.0, 0.0, 0.0, 0.0], [0.0, 1.0, 0.0, 0.0], [0.0, 0.0, 1.0, 0.0], [0.0, 0.0, 0.0, 1.0]], "right_robot_relative_xyz": [0.0, 0.0, 0.0], "right_robot_relative_rpy_deg": [0.0, 0.0, 0.0], "right_robot_relative_locked": false, "right_robot_relative_calibrating": true, "right_robot_relative_source": "right_robot_world_pose"}}
{"frame_idx": 11, "timestamp_ms": 1774489889165, "input_mode": "controller", "tele_data": {"head_pose": [[0.9862284656471579, 0.04797483832316421, 0.15827755325643608, -0.444339607897804], [-0.0456592567197798, 0.9987906216486694, -0.01823604468708901, 0.34879057547695536], [-0.15896100110204617, 0.010758071313742115, 0.9872262482774616, 1.5975207327658694], [0.0, 0.0, 0.0, 1.0]], "left_wrist_pose": [[0.6143568158149719, 0.46366846561431885, 0.6384521722793579, 0.21724206084351325], [0.287919282913208, 0.6216086149215698, -0.7285065054893494, 0.2540786967551003], [-0.7346528768539429, 0.6313769221305847, 0.24839721620082855, -0.38193495262213156], [0.0, 0.0, 0.0, 1.0]], "right_wrist_pose": [[0.41781944036483765, -0.03490493446588516, 0.907884418964386, 0.1435737001333692], [-0.12275423109531403, 0.9879395961761475, 0.09446557611227036, -0.24011027506239313], [-0.9002249836921692, -0.15092849731445312, 0.40849238634109497, -0.4011480330283205], [0.0, 0.0, 0.0, 1.0]], "head_pose_valid": true, "left_arm_pose_valid": true, "right_arm_pose_valid": true, "left_robot_world_pose": [[0.6143568158149719, 0.46366846561431885, 0.6384521722793579, -0.37709754705429077], [0.287919282913208, 0.6216086149215698, -0.7285065054893494, 0.6028692722320557], [-0.7346528768539429, 0.6313769221305847, 0.24839721620082855, 0.7655857801437378], [0.0, 0.0, 0.0, 1.0]], "right_robot_world_pose": [[0.41781944036483765, -0.03490493446588516, 0.907884418964386, -0.4507659077644348], [-0.12275423109531403, 0.9879395961761475, 0.09446557611227036, 0.10868030041456223], [-0.9002249836921692, -0.15092849731445312, 0.40849238634109497, 0.7463726997375488], [0.0, 0.0, 0.0, 1.0]], "left_hand_pos": null, "right_hand_pos": null, "left_hand_rot": null, "right_hand_rot": null, "left_hand_pinch": false, "left_hand_pinchValue": 10.0, "left_hand_squeeze": false, "left_hand_squeezeValue": 0.0, "right_hand_pinch": false, "right_hand_pinchValue": 10.0, "right_hand_squeeze": false, "right_hand_squeezeValue": 0.0, "left_ctrl_trigger": 0, "left_ctrl_triggerValue": 10.0, "left_ctrl_squeeze": 0, "left_ctrl_squeezeValue": 0.0, "left_ctrl_aButton": 0, "left_ctrl_bButton": 0, "left_ctrl_thumbstick": 0, "left_ctrl_thumbstickValue": [0.0, 0.0], "right_ctrl_trigger": 0, "right_ctrl_triggerValue": 10.0, "right_ctrl_squeeze": 0, "right_ctrl_squeezeValue": 0.0, "right_ctrl_aButton": 0, "right_ctrl_bButton": 0, "right_ctrl_thumbstick": 0, "right_ctrl_thumbstickValue": [0.0, 0.0], "left_robot_relative_pose": [[1.0, 0.0, 0.0, 0.0], [0.0, 1.0, 0.0, 0.0], [0.0, 0.0, 1.0, 0.0], [0.0, 0.0, 0.0, 1.0]], "left_robot_relative_xyz": [0.0, 0.0, 0.0], "left_robot_relative_rpy_deg": [0.0, 0.0, 0.0], "left_robot_relative_locked": false, "left_robot_relative_calibrating": true, "left_robot_relative_source": "left_robot_world_pose", "right_robot_relative_pose": [[1.0, 0.0, 0.0, 0.0], [0.0, 1.0, 0.0, 0.0], [0.0, 0.0, 1.0, 0.0], [0.0, 0.0, 0.0, 1.0]], "right_robot_relative_xyz": [0.0, 0.0, 0.0], "right_robot_relative_rpy_deg": [0.0, 0.0, 0.0], "right_robot_relative_locked": false, "right_robot_relative_calibrating": true, "right_robot_relative_source": "right_robot_world_pose"}}
