{"frame_idx": 0, "timestamp_ms": 1774433119594, "input_mode": "controller", "tele_data": {"head_pose": [[0.9235031015281023, 0.3014487309390514, 0.23721437637669401, 0.08990926032527173], [-0.30561587382016425, 0.9519464378129667, -0.01992222058277179, -0.09257771371820601], [-0.2318209063543619, -0.05409824612240834, 0.9712530362494499, 1.5780175906034837], [0.0, 0.0, 0.0, 1.0]], "left_wrist_pose": [[0.20399579405784607, 0.5712957382202148, 0.795019805431366, 0.23314936871067798], [0.1961318552494049, 0.7717623710632324, -0.6049191951751709, 0.22438171802976759], [-0.9591479301452637, 0.27933233976364136, 0.04539036005735397, -0.4046913247915635], [0.0, 0.0, 0.0, 1.0]], "right_wrist_pose": [[0.10618906468153, 0.03997147083282471, 0.9935637712478638, 0.08701724784807478], [-0.15090864896774292, 0.9882750511169434, -0.023646170273423195, -0.2452690720655617], [-0.982851505279541, -0.14743489027023315, 0.11097642779350281, -0.32664273794616555], [0.0, 0.0, 0.0, 1.0]], "head_pose_valid": true, "left_arm_pose_valid": true, "right_arm_pose_valid": true, "left_robot_world_pose": [[0.20399579405784607, 0.5712957382202148, 0.795019805431366, 0.1730586290359497], [0.1961318552494049, 0.7717623710632324, -0.6049191951751709, 0.13180400431156158], [-0.9591479301452637, 0.27933233976364136, 0.04539036005735397, 0.7233262658119202], [0.0, 0.0, 0.0, 1.0]], "right_robot_world_pose": [[0.10618906468153, 0.03997147083282471, 0.9935637712478638, 0.02692650817334652], [-0.15090864896774292, 0.9882750511169434, -0.023646170273423195, -0.3378467857837677], [-0.982851505279541, -0.14743489027023315, 0.11097642779350281, 0.8013748526573181], [0.0, 0.0, 0.0, 1.0]], "left_hand_pos": null, "right_hand_pos": null, "left_hand_rot": null, "right_hand_rot": null, "left_hand_pinch": false, "left_hand_pinchValue": 10.0, "left_hand_squeeze": false, "left_hand_squeezeValue": 0.0, "right_hand_pinch": false, "right_hand_pinchValue": 10.0, "right_hand_squeeze": false, "right_hand_squeezeValue": 0.0, "left_ctrl_trigger": 0, "left_ctrl_triggerValue": 10.0, "left_ctrl_squeeze": 0, "left_ctrl_squeezeValue": 0.0, "left_ctrl_aButton": 0, "left_ctrl_bButton": 0, "left_ctrl_thumbstick": 0, "left_ctrl_thumbstickValue": [0.0, 0.0], "right_ctrl_trigger": 0, "right_ctrl_triggerValue": 10.0, "right_ctrl_squeeze": 0, "right_ctrl_squeezeValue": 0.0, "right_ctrl_aButton": 0, "right_ctrl_bButton": 0, "right_ctrl_thumbstick": 0, "right_ctrl_thumbstickValue": [0.0, 0.0], "left_robot_relative_pose": [[1.0, 0.0, 0.0, 0.0], [0.0, 1.0, 0.0, 0.0], [0.0, 0.0, 1.0, 0.0], [0.0, 0.0, 0.0, 1.0]], "left_robot_relative_xyz": [0.0, 0.0, 0.0], "left_robot_relative_rpy_deg": [0.0, 0.0, 0.0], "left_robot_relative_locked": false, "left_robot_relative_calibrating": true, "left_robot_relative_source": "left_robot_world_pose", "right_robot_relative_pose": [[1.0, 0.0, 0.0, 0.0], [0.0, 1.0, 0.0, 0.0], [0.0, 0.0, 1.0, 0.0], [0.0, 0.0, 0.0, 1.0]], "right_robot_relative_xyz": [0.0, 0.0, 0.0], "right_robot_relative_rpy_deg": [0.0, 0.0, 0.0], "right_robot_relative_locked": false, "right_robot_relative_calibrating": true, "right_robot_relative_source": "right_robot_world_pose"}}
{"frame_idx": 1, "timestamp_ms": 1774433119627, "input_mode": "controller", "tele_data": {"head_pose": [[0.9235031015281023, 0.3014487309390514, 0.23721437637669401, 0.08990926032527173], [-0.30561587382016425, 0.9519464378129667, -0.01992222058277179, -0.09257771371820601], [-0.2318209063543619, -0.05409824612240834, 0.9712530362494499, 1.5780175906034837], [0.0, 0.0, 0.0, 1.0]], "left_wrist_pose": [[0.20411475002765656, 0.5709987878799438, 0.7952024936676025, 0.23313881868855274], [0.19593651592731476, 0.7720187306404114, -0.6046552658081055, 0.22437936364629896], [-0.9591624736785889, 0.27923089265823364, 0.04570433124899864, -0.4047015171858201], [0.0, 0.0, 0.0, 1.0]], "right_wrist_pose": [[0.1065131425857544, 0.038452375680208206, 0.9935891032218933, 0.08707717659310614], [-0.1516656130552292, 0.9881971478462219, -0.022001177072525024, -0.2453218519785103], [-0.982699990272522, -0.1483583301305771, 0.11108830571174622, -0.32660953815902566], [0.0, 0.0, 0.0, 1.0]], "head_pose_valid": true, "left_arm_pose_valid": true, "right_arm_pose_valid": true, "left_robot_world_pose": [[0.20411475002765656, 0.5709987878799438, 0.7952024936676025, 0.17304807901382446], [0.19593651592731476, 0.7720187306404114, -0.6046552658081055, 0.13180164992809296], [-0.9591624736785889, 0.27923089265823364, 0.04570433124899864, 0.7233160734176636], [0.0, 0.0, 0.0, 1.0]], "right_robot_world_pose": [[0.1065131425857544, 0.038452375680208206, 0.9935891032218933, 0.026986436918377876], [-0.1516656130552292, 0.9881971478462219, -0.022001177072525024, -0.3378995656967163], [-0.982699990272522, -0.1483583301305771, 0.11108830571174622, 0.801408052444458], [0.0, 0.0, 0.0, 1.0]], "left_hand_pos": null, "right_hand_pos": null, "left_hand_rot": null, "right_hand_rot": null, "left_hand_pinch": false, "left_hand_pinchValue": 10.0, "left_hand_squeeze": false, "left_hand_squeezeValue": 0.0, "right_hand_pinch": false, "right_hand_pinchValue": 10.0, "right_hand_squeeze": false, "right_hand_squeezeValue": 0.0, "left_ctrl_trigger": 0, "left_ctrl_triggerValue": 10.0, "left_ctrl_squeeze": 0, "left_ctrl_squeezeValue": 0.0, "left_ctrl_aButton": 0, "left_ctrl_bButton": 0, "left_ctrl_thumbstick": 0, "left_ctrl_thumbstickValue": [0.0, 0.0], "right_ctrl_trigger": 0, "right_ctrl_triggerValue": 10.0, "right_ctrl_squeeze": 0, "right_ctrl_squeezeValue": 0.0, "right_ctrl_aButton": 0, "right_ctrl_bButton": 0, "right_ctrl_thumbstick": 0, "right_ctrl_thumbstickValue": [0.0, 0.0], "left_robot_relative_pose": [[1.0, 0.0, 0.0, 0.0], [0.0, 1.0, 0.0, 0.0], [0.0, 0.0, 1.0, 0.0], [0.0, 0.0, 0.0, 1.0]], "left_robot_relative_xyz": [0.0, 0.0, 0.0], "left_robot_relative_rpy_deg": [0.0, 0.0, 0.0], "left_robot_relative_locked": false, "left_robot_relative_calibrating": true, "left_robot_relative_source": "left_robot_world_pose", "right_robot_relative_pose": [[1.0, 0.0, 0.0, 0.0], [0.0, 1.0, 0.0, 0.0], [0.0, 0.0, 1.0, 0.0], [0.0, 0.0, 0.0, 1.0]], "right_robot_relative_xyz": [0.0, 0.0, 0.0], "right_robot_relative_rpy_deg": [0.0, 0.0, 0.0], "right_robot_relative_locked": false, "right_robot_relative_calibrating": true, "right_robot_relative_source": "right_robot_world_pose"}}
{"frame_idx": 2, "timestamp_ms": 1774433119661, "input_mode": "controller", "tele_data": {"head_pose": [[0.9235031015281023, 0.3014487309390514, 0.23721437637669401, 0.08990926032527173], [-0.30561587382016425, 0.9519464378129667, -0.01992222058277179, -0.09257771371820601], [-0.2318209063543619, -0.05409824612240834, 0.9712530362494499, 1.5780175906034837], [0.0, 0.0, 0.0, 1.0]], "left_wrist_pose": [[0.2043987363576889, 0.5709666013717651, 0.7951526641845703, 0.2331468802167586], [0.195604145526886, 0.7720770835876465, -0.6046884059906006, 0.22437259851911695], [-0.9591699242591858, 0.2791353464126587, 0.04613155499100685, -0.40471397455657815], [0.0, 0.0, 0.0, 1.0]], "right_wrist_pose": [[0.10661137849092484, 0.03712931647896767, 0.9936289191246033, 0.08712382467822348], [-0.15177105367183685, 0.9882099628448486, -0.020658599212765694, -0.2453530848123726], [-0.9826729893684387, -0.14861011505126953, 0.110990010201931, -0.32659821327651833], [0.0, 0.0, 0.0, 1.0]], "head_pose_valid": true, "left_arm_pose_valid": true, "right_arm_pose_valid": true, "left_robot_world_pose": [[0.2043987363576889, 0.5709666013717651, 0.7951526641845703, 0.17305614054203033], [0.195604145526886, 0.7720770835876465, -0.6046884059906006, 0.13179488480091095], [-0.9591699242591858, 0.2791353464126587, 0.04613155499100685, 0.7233036160469055], [0.0, 0.0, 0.0, 1.0]], "right_robot_world_pose": [[0.10661137849092484, 0.03712931647896767, 0.9936289191246033, 0.027033085003495216], [-0.15177105367183685, 0.9882099628448486, -0.020658599212765694, -0.3379307985305786], [-0.9826729893684387, -0.14861011505126953, 0.110990010201931, 0.8014193773269653], [0.0, 0.0, 0.0, 1.0]], "left_hand_pos": null, "right_hand_pos": null, "left_hand_rot": null, "right_hand_rot": null, "left_hand_pinch": false, "left_hand_pinchValue": 10.0, "left_hand_squeeze": false, "left_hand_squeezeValue": 0.0, "right_hand_pinch": false, "right_hand_pinchValue": 10.0, "right_hand_squeeze": false, "right_hand_squeezeValue": 0.0, "left_ctrl_trigger": 0, "left_ctrl_triggerValue": 10.0, "left_ctrl_squeeze": 0, "left_ctrl_squeezeValue": 0.0, "left_ctrl_aButton": 0, "left_ctrl_bButton": 0, "left_ctrl_thumbstick": 0, "left_ctrl_thumbstickValue": [0.0, 0.0], "right_ctrl_trigger": 0, "right_ctrl_triggerValue": 10.0, "right_ctrl_squeeze": 0, "right_ctrl_squeezeValue": 0.0, "right_ctrl_aButton": 0, "right_ctrl_bButton": 0, "right_ctrl_thumbstick": 0, "right_ctrl_thumbstickValue": [0.0, 0.0], "left_robot_relative_pose": [[1.0, 0.0, 0.0, 0.0], [0.0, 1.0, 0.0, 0.0], [0.0, 0.0, 1.0, 0.0], [0.0, 0.0, 0.0, 1.0]], "left_robot_relative_xyz": [0.0, 0.0, 0.0], "left_robot_relative_rpy_deg": [0.0, 0.0, 0.0], "left_robot_relative_locked": false, "left_robot_relative_calibrating": true, "left_robot_relative_source": "left_robot_world_pose", "right_robot_relative_pose": [[1.0, 0.0, 0.0, 0.0], [0.0, 1.0, 0.0, 0.0], [0.0, 0.0, 1.0, 0.0], [0.0, 0.0, 0.0, 1.0]], "right_robot_relative_xyz": [0.0, 0.0, 0.0], "right_robot_relative_rpy_deg": [0.0, 0.0, 0.0], "right_robot_relative_locked": false, "right_robot_relative_calibrating": true, "right_robot_relative_source": "right_robot_world_pose"}}
{"frame_idx": 3, "timestamp_ms": 1774433119694, "input_mode": "controller", "tele_data": {"head_pose": [[0.9235031015281023, 0.3014487309390514, 0.23721437637669401, 0.08990926032527173], [-0.30561587382016425, 0.9519464378129667, -0.01992222058277179, -0.09257771371820601], [-0.2318209063543619, -0.05409824612240834, 0.9712530362494499, 1.5780175906034837], [0.0, 0.0, 0.0, 1.0]], "left_wrist_pose": [[0.20495657622814178, 0.570837676525116, 0.7951015830039978, 0.2331594865991286], [0.19558237493038177, 0.7720579504966736, -0.604719877243042, 0.2243719726703468], [-0.9590552449226379, 0.2794518768787384, 0.046595968306064606, -0.4047097426267991], [0.0, 0.0, 0.0, 1.0]], "right_wrist_pose": [[0.10684746503829956, 0.03587750717997551, 0.9936495423316956, 0.08717240432636057], [-0.15216156840324402, 0.9881766438484192, -0.019333938136696815, -0.24539045692464678], [-0.9825869798660278, -0.14913789927959442, 0.111043781042099, -0.3265791397901902], [0.0, 0.0, 0.0, 1.0]], "head_pose_valid": true, "left_arm_pose_valid": true, "right_arm_pose_valid": true, "left_robot_world_pose": [[0.20495657622814178, 0.570837676525116, 0.7951015830039978, 0.17306874692440033], [0.19558237493038177, 0.7720579504966736, -0.604719877243042, 0.1317942589521408], [-0.9590552449226379, 0.2794518768787384, 0.046595968306064606, 0.7233078479766846], [0.0, 0.0, 0.0, 1.0]], "right_robot_world_pose": [[0.10684746503829956, 0.03587750717997551, 0.9936495423316956, 0.02708166465163231], [-0.15216156840324402, 0.9881766438484192, -0.019333938136696815, -0.3379681706428528], [-0.9825869798660278, -0.14913789927959442, 0.111043781042099, 0.8014384508132935], [0.0, 0.0, 0.0, 1.0]], "left_hand_pos": null, "right_hand_pos": null, "left_hand_rot": null, "right_hand_rot": null, "left_hand_pinch": false, "left_hand_pinchValue": 10.0, "left_hand_squeeze": false, "left_hand_squeezeValue": 0.0, "right_hand_pinch": false, "right_hand_pinchValue": 10.0, "right_hand_squeeze": false, "right_hand_squeezeValue": 0.0, "left_ctrl_trigger": 0, "left_ctrl_triggerValue": 10.0, "left_ctrl_squeeze": 0, "left_ctrl_squeezeValue": 0.0, "left_ctrl_aButton": 0, "left_ctrl_bButton": 0, "left_ctrl_thumbstick": 0, "left_ctrl_thumbstickValue": [0.0, 0.0], "right_ctrl_trigger": 0, "right_ctrl_triggerValue": 10.0, "right_ctrl_squeeze": 0, "right_ctrl_squeezeValue": 0.0, "right_ctrl_aButton": 0, "right_ctrl_bButton": 0, "right_ctrl_thumbstick": 0, "right_ctrl_thumbstickValue": [0.0, 0.0], "left_robot_relative_pose": [[1.0, 0.0, 0.0, 0.0], [0.0, 1.0, 0.0, 0.0], [0.0, 0.0, 1.0, 0.0], [0.0, 0.0, 0.0, 1.0]], "left_robot_relative_xyz": [0.0, 0.0, 0.0], "left_robot_relative_rpy_deg": [0.0, 0.0, 0.0], "left_robot_relative_locked": false, "left_robot_relative_calibrating": true, "left_robot_relative_source": "left_robot_world_pose", "right_robot_relative_pose": [[1.0, 0.0, 0.0, 0.0], [0.0, 1.0, 0.0, 0.0], [0.0, 0.0, 1.0, 0.0], [0.0, 0.0, 0.0, 1.0]], "right_robot_relative_xyz": [0.0, 0.0, 0.0], "right_robot_relative_rpy_deg": [0.0, 0.0, 0.0], "right_robot_relative_locked": false, "right_robot_relative_calibrating": true, "right_robot_relative_source": "right_robot_world_pose"}}
{"frame_idx": 4, "timestamp_ms": 1774433119728, "input_mode": "controller", "tele_data": {"head_pose": [[0.9237900343524634, 0.30163272131832186, 0.23585933569511988, 0.08965738535345724], [-0.3060009587868858, 0.9518461261421358, -0.018770892786469213, -0.0921036181406655], [-0.2301637071029217, -0.054832820462670025, 0.9716058966416025, 1.5784339401881715], [0.0, 0.0, 0.0, 1.0]], "left_wrist_pose": [[0.20526185631752014, 0.5707090497016907, 0.7951152324676514, 0.23341539978562661], [0.1953287571668625, 0.7721619606018066, -0.6046689748764038, 0.2238930938200631], [-0.9590416550636292, 0.27942702174186707, 0.04702289029955864, -0.40513545014071667], [0.0, 0.0, 0.0, 1.0]], "right_wrist_pose": [[0.10703124105930328, 0.03507122024893761, 0.9936585426330566, 0.08745658129035302], [-0.1525440216064453, 0.9881343841552734, -0.018461080268025398, -0.24589203024342873], [-0.9825076460838318, -0.14960916340351105, 0.11111155897378922, -0.32697874046969616], [0.0, 0.0, 0.0, 1.0]], "head_pose_valid": true, "left_arm_pose_valid": true, "right_arm_pose_valid": true, "left_robot_world_pose": [[0.20526185631752014, 0.5707090497016907, 0.7951152324676514, 0.17307278513908386], [0.1953287571668625, 0.7721619606018066, -0.6046689748764038, 0.13178947567939758], [-0.9590416550636292, 0.27942702174186707, 0.04702289029955864, 0.7232984900474548], [0.0, 0.0, 0.0, 1.0]], "right_robot_world_pose": [[0.10703124105930328, 0.03507122024893761, 0.9936585426330566, 0.027113966643810272], [-0.1525440216064453, 0.9881343841552734, -0.018461080268025398, -0.33799564838409424], [-0.9825076460838318, -0.14960916340351105, 0.11111155897378922, 0.8014551997184753], [0.0, 0.0, 0.0, 1.0]], "left_hand_pos": null, "right_hand_pos": null, "left_hand_rot": null, "right_hand_rot": null, "left_hand_pinch": false, "left_hand_pinchValue": 10.0, "left_hand_squeeze": false, "left_hand_squeezeValue": 0.0, "right_hand_pinch": false, "right_hand_pinchValue": 10.0, "right_hand_squeeze": false, "right_hand_squeezeValue": 0.0, "left_ctrl_trigger": 0, "left_ctrl_triggerValue": 10.0, "left_ctrl_squeeze": 0, "left_ctrl_squeezeValue": 0.0, "left_ctrl_aButton": 0, "left_ctrl_bButton": 0, "left_ctrl_thumbstick": 0, "left_ctrl_thumbstickValue": [0.0, 0.0], "right_ctrl_trigger": 0, "right_ctrl_triggerValue": 10.0, "right_ctrl_squeeze": 0, "right_ctrl_squeezeValue": 0.0, "right_ctrl_aButton": 0, "right_ctrl_bButton": 0, "right_ctrl_thumbstick": 0, "right_ctrl_thumbstickValue": [0.0, 0.0], "left_robot_relative_pose": [[1.0, 0.0, 0.0, 0.0], [0.0, 1.0, 0.0, 0.0], [0.0, 0.0, 1.0, 0.0], [0.0, 0.0, 0.0, 1.0]], "left_robot_relative_xyz": [0.0, 0.0, 0.0], "left_robot_relative_rpy_deg": [0.0, 0.0, 0.0], "left_robot_relative_locked": false, "left_robot_relative_calibrating": true, "left_robot_relative_source": "left_robot_world_pose", "right_robot_relative_pose": [[1.0, 0.0, 0.0, 0.0], [0.0, 1.0, 0.0, 0.0], [0.0, 0.0, 1.0, 0.0], [0.0, 0.0, 0.0, 1.0]], "right_robot_relative_xyz": [0.0, 0.0, 0.0], "right_robot_relative_rpy_deg": [0.0, 0.0, 0.0], "right_robot_relative_locked": false, "right_robot_relative_calibrating": true, "right_robot_relative_source": "right_robot_world_pose"}}
{"frame_idx": 5, "timestamp_ms": 1774433119761, "input_mode": "controller", "tele_data": {"head_pose": [[0.9237900343524634, 0.30163272131832186, 0.23585933569511988, 0.08965738535345724], [-0.3060009587868858, 0.9518461261421358, -0.018770892786469213, -0.0921036181406655], [-0.2301637071029217, -0.054832820462670025, 0.9716058966416025, 1.5784339401881715], [0.0, 0.0, 0.0, 1.0]], "left_wrist_pose": [[0.20547960698604584, 0.5704442858695984, 0.7952489852905273, 0.23340981185017892], [0.19512489438056946, 0.7723745107650757, -0.6044633984565735, 0.22389021789595268], [-0.9590365290641785, 0.2793805003166199, 0.04740269109606743, -0.40514468886065685], [0.0, 0.0, 0.0, 1.0]], "right_wrist_pose": [[0.1073857843875885, 0.034138791263103485, 0.9936528205871582, 0.0874981834697611], [-0.15292447805404663, 0.98809415102005, -0.017436981201171875, -0.24592257762387612], [-0.9824098348617554, -0.15008974075317383, 0.11132834106683731, -0.32696425654101574], [0.0, 0.0, 0.0, 1.0]], "head_pose_valid": true, "left_arm_pose_valid": true, "right_arm_pose_valid": true, "left_robot_world_pose": [[0.20547960698604584, 0.5704442858695984, 0.7952489852905273, 0.17306719720363617], [0.19512489438056946, 0.7723745107650757, -0.6044633984565735, 0.13178659975528717], [-0.9590365290641785, 0.2793805003166199, 0.04740269109606743, 0.7232892513275146], [0.0, 0.0, 0.0, 1.0]], "right_robot_world_pose": [[0.1073857843875885, 0.034138791263103485, 0.9936528205871582, 0.027155568823218346], [-0.15292447805404663, 0.98809415102005, -0.017436981201171875, -0.3380261957645416], [-0.9824098348617554, -0.15008974075317383, 0.11132834106683731, 0.8014696836471558], [0.0, 0.0, 0.0, 1.0]], "left_hand_pos": null, "right_hand_pos": null, "left_hand_rot": null, "right_hand_rot": null, "left_hand_pinch": false, "left_hand_pinchValue": 10.0, "left_hand_squeeze": false, "left_hand_squeezeValue": 0.0, "right_hand_pinch": false, "right_hand_pinchValue": 10.0, "right_hand_squeeze": false, "right_hand_squeezeValue": 0.0, "left_ctrl_trigger": 0, "left_ctrl_triggerValue": 10.0, "left_ctrl_squeeze": 0, "left_ctrl_squeezeValue": 0.0, "left_ctrl_aButton": 0, "left_ctrl_bButton": 0, "left_ctrl_thumbstick": 0, "left_ctrl_thumbstickValue": [0.0, 0.0], "right_ctrl_trigger": 0, "right_ctrl_triggerValue": 10.0, "right_ctrl_squeeze": 0, "right_ctrl_squeezeValue": 0.0, "right_ctrl_aButton": 0, "right_ctrl_bButton": 0, "right_ctrl_thumbstick": 0, "right_ctrl_thumbstickValue": [0.0, 0.0], "left_robot_relative_pose": [[1.0, 0.0, 0.0, 0.0], [0.0, 1.0, 0.0, 0.0], [0.0, 0.0, 1.0, 0.0], [0.0, 0.0, 0.0, 1.0]], "left_robot_relative_xyz": [0.0, 0.0, 0.0], "left_robot_relative_rpy_deg": [0.0, 0.0, 0.0], "left_robot_relative_locked": false, "left_robot_relative_calibrating": true, "left_robot_relative_source": "left_robot_world_pose", "right_robot_relative_pose": [[1.0, 0.0, 0.0, 0.0], [0.0, 1.0, 0.0, 0.0], [0.0, 0.0, 1.0, 0.0], [0.0, 0.0, 0.0, 1.0]], "right_robot_relative_xyz": [0.0, 0.0, 0.0], "right_robot_relative_rpy_deg": [0.0, 0.0, 0.0], "right_robot_relative_locked": false, "right_robot_relative_calibrating": true, "right_robot_relative_source": "right_robot_world_pose"}}
{"frame_idx": 6, "timestamp_ms": 1774433119795, "input_mode": "controller", "tele_data": {"head_pose": [[0.9239969863688615, 0.3013310152546936, 0.23543398405742613, 0.08961217026161913], [-0.3058513086779521, 0.9519094220266844, -0.017984372676710478, -0.09190156953032869], [-0.22953107629585165, -0.05539028823504863, 0.9717239132766237, 1.5785044151057328], [0.0, 0.0, 0.0, 1.0]], "left_wrist_pose": [[0.20606984198093414, 0.5704810619354248, 0.7950698733329773, 0.23347682734084363], [0.1950286328792572, 0.7722437977790833, -0.6046614646911621, 0.2236851890533771], [-0.9589294791221619, 0.27966657280921936, 0.04787938669323921, -0.4052124219645585], [0.0, 0.0, 0.0, 1.0]], "right_wrist_pose": [[0.10761070251464844, 0.03392050042748451, 0.9936359524726868, 0.08755752299976582], [-0.15320733189582825, 0.9880552887916565, -0.01715361885726452, -0.24613714320961577], [-0.9823411703109741, -0.15039478242397308, 0.11152265965938568, -0.32702650601759803], [0.0, 0.0, 0.0, 1.0]], "head_pose_valid": true, "left_arm_pose_valid": true, "right_arm_pose_valid": true, "left_robot_world_pose": [[0.20606984198093414, 0.5704810619354248, 0.7950698733329773, 0.17308899760246277], [0.1950286328792572, 0.7722437977790833, -0.6046614646911621, 0.1317836195230484], [-0.9589294791221619, 0.27966657280921936, 0.04787938669323921, 0.7232919931411743], [0.0, 0.0, 0.0, 1.0]], "right_robot_world_pose": [[0.10761070251464844, 0.03392050042748451, 0.9936359524726868, 0.027169693261384964], [-0.15320733189582825, 0.9880552887916565, -0.01715361885726452, -0.33803871273994446], [-0.9823411703109741, -0.15039478242397308, 0.11152265965938568, 0.8014779090881348], [0.0, 0.0, 0.0, 1.0]], "left_hand_pos": null, "right_hand_pos": null, "left_hand_rot": null, "right_hand_rot": null, "left_hand_pinch": false, "left_hand_pinchValue": 10.0, "left_hand_squeeze": false, "left_hand_squeezeValue": 0.0, "right_hand_pinch": false, "right_hand_pinchValue": 10.0, "right_hand_squeeze": false, "right_hand_squeezeValue": 0.0, "left_ctrl_trigger": 0, "left_ctrl_triggerValue": 10.0, "left_ctrl_squeeze": 0, "left_ctrl_squeezeValue": 0.0, "left_ctrl_aButton": 0, "left_ctrl_bButton": 0, "left_ctrl_thumbstick": 0, "left_ctrl_thumbstickValue": [0.0, 0.0], "right_ctrl_trigger": 0, "right_ctrl_triggerValue": 10.0, "right_ctrl_squeeze": 0, "right_ctrl_squeezeValue": 0.0, "right_ctrl_aButton": 0, "right_ctrl_bButton": 0, "right_ctrl_thumbstick": 0, "right_ctrl_thumbstickValue": [0.0, 0.0], "left_robot_relative_pose": [[1.0, 0.0, 0.0, 0.0], [0.0, 1.0, 0.0, 0.0], [0.0, 0.0, 1.0, 0.0], [0.0, 0.0, 0.0, 1.0]], "left_robot_relative_xyz": [0.0, 0.0, 0.0], "left_robot_relative_rpy_deg": [0.0, 0.0, 0.0], "left_robot_relative_locked": false, "left_robot_relative_calibrating": true, "left_robot_relative_source": "left_robot_world_pose", "right_robot_relative_pose": [[1.0, 0.0, 0.0, 0.0], [0.0, 1.0, 0.0, 0.0], [0.0, 0.0, 1.0, 0.0], [0.0, 0.0, 0.0, 1.0]], "right_robot_relative_xyz": [0.0, 0.0, 0.0], "right_robot_relative_rpy_deg": [0.0, 0.0, 0.0], "right_robot_relative_locked": false, "right_robot_relative_calibrating": true, "right_robot_relative_source": "right_robot_world_pose"}}
{"frame_idx": 7, "timestamp_ms": 1774433119828, "input_mode": "controller", "tele_data": {"head_pose": [[0.924121380385209, 0.30108920171414666, 0.23525504405656236, 0.089611909538166], [-0.3057100133642062, 0.9519641384146525, -0.01748296519725811, -0.0917427034835513], [-0.22921829287848017, -0.05576344108193399, 0.9717764266673226, 1.5785460217600948], [0.0, 0.0, 0.0, 1.0]], "left_wrist_pose": [[0.20626480877399445, 0.5701855421066284, 0.795231282711029, 0.2334692500535088], [0.19491997361183167, 0.7724568843841553, -0.6044241786003113, 0.22352548854157284], [-0.9589096307754517, 0.2796805500984192, 0.04819351062178612, -0.4052594526415951], [0.0, 0.0, 0.0, 1.0]], "right_wrist_pose": [[0.10780568420886993, 0.033731307834386826, 0.993621289730072, 0.08756988905404381], [-0.15363457798957825, 0.9879935383796692, -0.016887206584215164, -0.24631150646403477], [-0.9822530150413513, -0.15084241330623627, 0.11169402301311493, -0.3270539863711483], [0.0, 0.0, 0.0, 1.0]], "head_pose_valid": true, "left_arm_pose_valid": true, "right_arm_pose_valid": true, "left_robot_world_pose": [[0.20626480877399445, 0.5701855421066284, 0.795231282711029, 0.1730811595916748], [0.19491997361183167, 0.7724568843841553, -0.6044241786003113, 0.13178278505802155], [-0.9589096307754517, 0.2796805500984192, 0.04819351062178612, 0.7232865691184998], [0.0, 0.0, 0.0, 1.0]], "right_robot_world_pose": [[0.10780568420886993, 0.033731307834386826, 0.993621289730072, 0.027181798592209816], [-0.15363457798957825, 0.9879935383796692, -0.016887206584215164, -0.33805420994758606], [-0.9822530150413513, -0.15084241330623627, 0.11169402301311493, 0.8014920353889465], [0.0, 0.0, 0.0, 1.0]], "left_hand_pos": null, "right_hand_pos": null, "left_hand_rot": null, "right_hand_rot": null, "left_hand_pinch": false, "left_hand_pinchValue": 10.0, "left_hand_squeeze": false, "left_hand_squeezeValue": 0.0, "right_hand_pinch": false, "right_hand_pinchValue": 10.0, "right_hand_squeeze": false, "right_hand_squeezeValue": 0.0, "left_ctrl_trigger": 0, "left_ctrl_triggerValue": 10.0, "left_ctrl_squeeze": 0, "left_ctrl_squeezeValue": 0.0, "left_ctrl_aButton": 0, "left_ctrl_bButton": 0, "left_ctrl_thumbstick": 0, "left_ctrl_thumbstickValue": [0.0, 0.0], "right_ctrl_trigger": 0, "right_ctrl_triggerValue": 10.0, "right_ctrl_squeeze": 0, "right_ctrl_squeezeValue": 0.0, "right_ctrl_aButton": 0, "right_ctrl_bButton": 0, "right_ctrl_thumbstick": 0, "right_ctrl_thumbstickValue": [0.0, 0.0], "left_robot_relative_pose": [[1.0, 0.0, 0.0, 0.0], [0.0, 1.0, 0.0, 0.0], [0.0, 0.0, 1.0, 0.0], [0.0, 0.0, 0.0, 1.0]], "left_robot_relative_xyz": [0.0, 0.0, 0.0], "left_robot_relative_rpy_deg": [0.0, 0.0, 0.0], "left_robot_relative_locked": false, "left_robot_relative_calibrating": true, "left_robot_relative_source": "left_robot_world_pose", "right_robot_relative_pose": [[1.0, 0.0, 0.0, 0.0], [0.0, 1.0, 0.0, 0.0], [0.0, 0.0, 1.0, 0.0], [0.0, 0.0, 0.0, 1.0]], "right_robot_relative_xyz": [0.0, 0.0, 0.0], "right_robot_relative_rpy_deg": [0.0, 0.0, 0.0], "right_robot_relative_locked": false, "right_robot_relative_calibrating": true, "right_robot_relative_source": "right_robot_world_pose"}}
{"frame_idx": 8, "timestamp_ms": 1774433119862, "input_mode": "controller", "tele_data": {"head_pose": [[0.924121380385209, 0.30108920171414666, 0.23525504405656236, 0.089611909538166], [-0.3057100133642062, 0.9519641384146525, -0.01748296519725811, -0.0917427034835513], [-0.22921829287848017, -0.05576344108193399, 0.9717764266673226, 1.5785460217600948], [0.0, 0.0, 0.0, 1.0]], "left_wrist_pose": [[0.20628409087657928, 0.5700171589851379, 0.7953469157218933, 0.2334617398682671], [0.19484809041023254, 0.7726015448570251, -0.6042624115943909, 0.22352492229744747], [-0.9589201211929321, 0.27962419390678406, 0.04831205680966377, -0.4052642210131771], [0.0, 0.0, 0.0, 1.0]], "right_wrist_pose": [[0.10768356174230576, 0.033395372331142426, 0.9936458468437195, 0.08757738433812431], [-0.1542244553565979, 0.9879080653190613, -0.01650485396385193, -0.24633314295008824], [-0.9821739196777344, -0.15147553384304047, 0.1115322932600975, -0.3270271046763546], [0.0, 0.0, 0.0, 1.0]], "head_pose_valid": true, "left_arm_pose_valid": true, "right_arm_pose_valid": true, "left_robot_world_pose": [[0.20628409087657928, 0.5700171589851379, 0.7953469157218933, 0.1730736494064331], [0.19484809041023254, 0.7726015448570251, -0.6042624115943909, 0.13178221881389618], [-0.9589201211929321, 0.27962419390678406, 0.04831205680966377, 0.7232818007469177], [0.0, 0.0, 0.0, 1.0]], "right_robot_world_pose": [[0.10768356174230576, 0.033395372331142426, 0.9936458468437195, 0.02718929387629032], [-0.1542244553565979, 0.9879080653190613, -0.01650485396385193, -0.3380758464336395], [-0.9821739196777344, -0.15147553384304047, 0.1115322932600975, 0.8015189170837402], [0.0, 0.0, 0.0, 1.0]], "left_hand_pos": null, "right_hand_pos": null, "left_hand_rot": null, "right_hand_rot": null, "left_hand_pinch": false, "left_hand_pinchValue": 10.0, "left_hand_squeeze": false, "left_hand_squeezeValue": 0.0, "right_hand_pinch": false, "right_hand_pinchValue": 10.0, "right_hand_squeeze": false, "right_hand_squeezeValue": 0.0, "left_ctrl_trigger": 0, "left_ctrl_triggerValue": 10.0, "left_ctrl_squeeze": 0, "left_ctrl_squeezeValue": 0.0, "left_ctrl_aButton": 0, "left_ctrl_bButton": 0, "left_ctrl_thumbstick": 0, "left_ctrl_thumbstickValue": [0.0, 0.0], "right_ctrl_trigger": 0, "right_ctrl_triggerValue": 10.0, "right_ctrl_squeeze": 0, "right_ctrl_squeezeValue": 0.0, "right_ctrl_aButton": 0, "right_ctrl_bButton": 0, "right_ctrl_thumbstick": 0, "right_ctrl_thumbstickValue": [0.0, 0.0], "left_robot_relative_pose": [[1.0, 0.0, 0.0, 0.0], [0.0, 1.0, 0.0, 0.0], [0.0, 0.0, 1.0, 0.0], [0.0, 0.0, 0.0, 1.0]], "left_robot_relative_xyz": [0.0, 0.0, 0.0], "left_robot_relative_rpy_deg": [0.0, 0.0, 0.0], "left_robot_relative_locked": false, "left_robot_relative_calibrating": true, "left_robot_relative_source": "left_robot_world_pose", "right_robot_relative_pose": [[1.0, 0.0, 0.0, 0.0], [0.0, 1.0, 0.0, 0.0], [0.0, 0.0, 1.0, 0.0], [0.0, 0.0, 0.0, 1.0]], "right_robot_relative_xyz": [0.0, 0.0, 0.0], "right_robot_relative_rpy_deg": [0.0, 0.0, 0.0], "right_robot_relative_locked": false, "right_robot_relative_calibrating": true, "right_robot_relative_source": "right_robot_world_pose"}}
{"frame_idx": 9, "timestamp_ms": 1774433119895, "input_mode": "controller", "tele_data": {"head_pose": [[0.9240673168554696, 0.30144500325088747, 0.2350117256745831, 0.08965421240254554], [-0.306077961226652, 0.9518471374029098, -0.01741583114395969, -0.09155911888922025], [-0.22894515191464287, -0.055838508809908614, 0.9718365075764944, 1.5785422510762972], [0.0, 0.0, 0.0, 1.0]], "left_wrist_pose": [[0.2063358575105667, 0.5699888467788696, 0.7953538298606873, 0.23341979463175622], [0.1945847123861313, 0.7726883292198181, -0.604236364364624, 0.22333624150598813], [-0.9589624404907227, 0.27944204211235046, 0.04852559417486191, -0.40527231165368977], [0.0, 0.0, 0.0, 1.0]], "right_wrist_pose": [[0.1075228750705719, 0.033009760081768036, 0.9936761260032654, 0.0875428952701458], [-0.1547810137271881, 0.9878279566764832, -0.01608300395309925, -0.2465384534374399], [-0.9821040630340576, -0.1520812213420868, 0.11132388561964035, -0.3269965715070528], [0.0, 0.0, 0.0, 1.0]], "head_pose_valid": true, "left_arm_pose_valid": true, "right_arm_pose_valid": true, "left_robot_world_pose": [[0.2063358575105667, 0.5699888467788696, 0.7953538298606873, 0.17307400703430176], [0.1945847123861313, 0.7726883292198181, -0.604236364364624, 0.13177712261676788], [-0.9589624404907227, 0.27944204211235046, 0.04852559417486191, 0.7232699394226074], [0.0, 0.0, 0.0, 1.0]], "right_robot_world_pose": [[0.1075228750705719, 0.033009760081768036, 0.9936761260032654, 0.027197107672691345], [-0.1547810137271881, 0.9878279566764832, -0.01608300395309925, -0.33809757232666016], [-0.9821040630340576, -0.1520812213420868, 0.11132388561964035, 0.8015456795692444], [0.0, 0.0, 0.0, 1.0]], "left_hand_pos": null, "right_hand_pos": null, "left_hand_rot": null, "right_hand_rot": null, "left_hand_pinch": false, "left_hand_pinchValue": 10.0, "left_hand_squeeze": false, "left_hand_squeezeValue": 0.0, "right_hand_pinch": false, "right_hand_pinchValue": 10.0, "right_hand_squeeze": false, "right_hand_squeezeValue": 0.0, "left_ctrl_trigger": 0, "left_ctrl_triggerValue": 10.0, "left_ctrl_squeeze": 0, "left_ctrl_squeezeValue": 0.0, "left_ctrl_aButton": 0, "left_ctrl_bButton": 0, "left_ctrl_thumbstick": 0, "left_ctrl_thumbstickValue": [0.0, 0.0], "right_ctrl_trigger": 0, "right_ctrl_triggerValue": 10.0, "right_ctrl_squeeze": 0, "right_ctrl_squeezeValue": 0.0, "right_ctrl_aButton": 0, "right_ctrl_bButton": 0, "right_ctrl_thumbstick": 0, "right_ctrl_thumbstickValue": [0.0, 0.0], "left_robot_relative_pose": [[1.0, 0.0, 0.0, 0.0], [0.0, 1.0, 0.0, 0.0], [0.0, 0.0, 1.0, 0.0], [0.0, 0.0, 0.0, 1.0]], "left_robot_relative_xyz": [0.0, 0.0, 0.0], "left_robot_relative_rpy_deg": [0.0, 0.0, 0.0], "left_robot_relative_locked": false, "left_robot_relative_calibrating": true, "left_robot_relative_source": "left_robot_world_pose", "right_robot_relative_pose": [[1.0, 0.0, 0.0, 0.0], [0.0, 1.0, 0.0, 0.0], [0.0, 0.0, 1.0, 0.0], [0.0, 0.0, 0.0, 1.0]], "right_robot_relative_xyz": [0.0, 0.0, 0.0], "right_robot_relative_rpy_deg": [0.0, 0.0, 0.0], "right_robot_relative_locked": false, "right_robot_relative_calibrating": true, "right_robot_relative_source": "right_robot_world_pose"}}
{"frame_idx": 10, "timestamp_ms": 1774433119928, "input_mode": "controller", "tele_data": {"head_pose": [[0.9240378682888939, 0.3016964908266991, 0.23480473703809746, 0.08974782014765625], [-0.3063082579945593, 0.9517717420499732, -0.017485965131476298, -0.09140722773441963], [-0.22875597827962826, -0.05576493413622653, 0.9718852633605376, 1.5785578400660882], [0.0, 0.0, 0.0, 1.0]], "left_wrist_pose": [[0.20627138018608093, 0.5697715282440186, 0.7955262064933777, 0.23331341659150237], [0.19445009529590607, 0.7729068994522095, -0.6040001511573792, 0.22318299434551886], [-0.9590035676956177, 0.27928075194358826, 0.04863978922367096, -0.4052969009448419], [0.0, 0.0, 0.0, 1.0]], "right_wrist_pose": [[0.1072436273097992, 0.03297863155603409, 0.9937073588371277, 0.0874418574335348], [-0.15480586886405945, 0.9878239035606384, -0.01609226129949093, -0.2466906724177868], [-0.9821307063102722, -0.15211425721645355, 0.11104355752468109, -0.3270059616137872], [0.0, 0.0, 0.0, 1.0]], "head_pose_valid": true, "left_arm_pose_valid": true, "right_arm_pose_valid": true, "left_robot_world_pose": [[0.20627138018608093, 0.5697715282440186, 0.7955262064933777, 0.17306123673915863], [0.19445009529590607, 0.7729068994522095, -0.6040001511573792, 0.13177576661109924], [-0.9590035676956177, 0.27928075194358826, 0.04863978922367096, 0.7232609391212463], [0.0, 0.0, 0.0, 1.0]], "right_robot_world_pose": [[0.1072436273097992, 0.03297863155603409, 0.9937073588371277, 0.027189677581191063], [-0.15480586886405945, 0.9878239035606384, -0.01609226129949093, -0.3380979001522064], [-0.9821307063102722, -0.15211425721645355, 0.11104355752468109, 0.801551878452301], [0.0, 0.0, 0.0, 1.0]], "left_hand_pos": null, "right_hand_pos": null, "left_hand_rot": null, "right_hand_rot": null, "left_hand_pinch": false, "left_hand_pinchValue": 10.0, "left_hand_squeeze": false, "left_hand_squeezeValue": 0.0, "right_hand_pinch": false, "right_hand_pinchValue": 10.0, "right_hand_squeeze": false, "right_hand_squeezeValue": 0.0, "left_ctrl_trigger": 0, "left_ctrl_triggerValue": 10.0, "left_ctrl_squeeze": 0, "left_ctrl_squeezeValue": 0.0, "left_ctrl_aButton": 0, "left_ctrl_bButton": 0, "left_ctrl_thumbstick": 0, "left_ctrl_thumbstickValue": [0.0, 0.0], "right_ctrl_trigger": 0, "right_ctrl_triggerValue": 10.0, "right_ctrl_squeeze": 0, "right_ctrl_squeezeValue": 0.0, "right_ctrl_aButton": 0, "right_ctrl_bButton": 0, "right_ctrl_thumbstick": 0, "right_ctrl_thumbstickValue": [0.0, 0.0], "left_robot_relative_pose": [[1.0, 0.0, 0.0, 0.0], [0.0, 1.0, 0.0, 0.0], [0.0, 0.0, 1.0, 0.0], [0.0, 0.0, 0.0, 1.0]], "left_robot_relative_xyz": [0.0, 0.0, 0.0], "left_robot_relative_rpy_deg": [0.0, 0.0, 0.0], "left_robot_relative_locked": false, "left_robot_relative_calibrating": true, "left_robot_relative_source": "left_robot_world_pose", "right_robot_relative_pose": [[1.0, 0.0, 0.0, 0.0], [0.0, 1.0, 0.0, 0.0], [0.0, 0.0, 1.0, 0.0], [0.0, 0.0, 0.0, 1.0]], "right_robot_relative_xyz": [0.0, 0.0, 0.0], "right_robot_relative_rpy_deg": [0.0, 0.0, 0.0], "right_robot_relative_locked": false, "right_robot_relative_calibrating": true, "right_robot_relative_source": "right_robot_world_pose"}}
{"frame_idx": 11, "timestamp_ms": 1774433119962, "input_mode": "controller", "tele_data": {"head_pose": [[0.9240378682888939, 0.3016964908266991, 0.23480473703809746, 0.08974782014765625], [-0.3063082579945593, 0.9517717420499732, -0.017485965131476298, -0.09140722773441963], [-0.22875597827962826, -0.05576493413622653, 0.9718852633605376, 1.5785578400660882], [0.0, 0.0, 0.0, 1.0]], "left_wrist_pose": [[0.20608267188072205, 0.5692022442817688, 0.7959825396537781, 0.2332792184265625], [0.19439606368541718, 0.7733961939811707, -0.6033908724784851, 0.22318537853130987], [-0.9590551257133484, 0.27908700704574585, 0.048736244440078735, -0.40530691452516415], [0.0, 0.0, 0.0, 1.0]], "right_wrist_pose": [[0.10691803693771362, 0.03268091008067131, 0.9937522411346436, 0.08744184812030906], [-0.15542368590831757, 0.9877319931983948, -0.015776794403791428, -0.2467115340434582], [-0.9820685386657715, -0.15277411043643951, 0.11068622767925262, -0.32697437115205624], [0.0, 0.0, 0.0, 1.0]], "head_pose_valid": true, "left_arm_pose_valid": true, "right_arm_pose_valid": true, "left_robot_world_pose": [[0.20608267188072205, 0.5692022442817688, 0.7959825396537781, 0.17302703857421875], [0.19439606368541718, 0.7733961939811707, -0.6033908724784851, 0.13177815079689026], [-0.9590551257133484, 0.27908700704574585, 0.048736244440078735, 0.7232509255409241], [0.0, 0.0, 0.0, 1.0]], "right_robot_world_pose": [[0.10691803693771362, 0.03268091008067131, 0.9937522411346436, 0.027189668267965317], [-0.15542368590831757, 0.9877319931983948, -0.015776794403791428, -0.3381187617778778], [-0.9820685386657715, -0.15277411043643951, 0.11068622767925262, 0.801583468914032], [0.0, 0.0, 0.0, 1.0]], "left_hand_pos": null, "right_hand_pos": null, "left_hand_rot": null, "right_hand_rot": null, "left_hand_pinch": false, "left_hand_pinchValue": 10.0, "left_hand_squeeze": false, "left_hand_squeezeValue": 0.0, "right_hand_pinch": false, "right_hand_pinchValue": 10.0, "right_hand_squeeze": false, "right_hand_squeezeValue": 0.0, "left_ctrl_trigger": 0, "left_ctrl_triggerValue": 10.0, "left_ctrl_squeeze": 0, "left_ctrl_squeezeValue": 0.0, "left_ctrl_aButton": 0, "left_ctrl_bButton": 0, "left_ctrl_thumbstick": 0, "left_ctrl_thumbstickValue": [0.0, 0.0], "right_ctrl_trigger": 0, "right_ctrl_triggerValue": 10.0, "right_ctrl_squeeze": 0, "right_ctrl_squeezeValue": 0.0, "right_ctrl_aButton": 0, "right_ctrl_bButton": 0, "right_ctrl_thumbstick": 0, "right_ctrl_thumbstickValue": [0.0, 0.0], "left_robot_relative_pose": [[1.0, 0.0, 0.0, 0.0], [0.0, 1.0, 0.0, 0.0], [0.0, 0.0, 1.0, 0.0], [0.0, 0.0, 0.0, 1.0]], "left_robot_relative_xyz": [0.0, 0.0, 0.0], "left_robot_relative_rpy_deg": [0.0, 0.0, 0.0], "left_robot_relative_locked": false, "left_robot_relative_calibrating": true, "left_robot_relative_source": "left_robot_world_pose", "right_robot_relative_pose": [[1.0, 0.0, 0.0, 0.0], [0.0, 1.0, 0.0, 0.0], [0.0, 0.0, 1.0, 0.0], [0.0, 0.0, 0.0, 1.0]], "right_robot_relative_xyz": [0.0, 0.0, 0.0], "right_robot_relative_rpy_deg": [0.0, 0.0, 0.0], "right_robot_relative_locked": false, "right_robot_relative_calibrating": true, "right_robot_relative_source": "right_robot_world_pose"}}
